date,close,high,low,open,volume
2001-02-06,12.980,13.069,11.391,11.479,536169.130
2001-02-07,12.415,12.760,12.230,12.433,145969.740
2001-02-08,12.486,12.636,12.274,12.362,67908.120
2001-02-09,12.636,12.892,12.512,12.645,74477.560
2001-02-12,12.565,12.777,12.345,12.671,42601.700
2001-02-13,12.495,12.698,12.371,12.618,31218.940
2001-02-14,12.468,12.601,12.362,12.451,19824.280
2001-02-15,12.186,12.610,12.097,12.459,39796.790
2001-02-16,12.256,12.309,11.850,12.142,38406.230
2001-02-19,12.265,12.389,12.097,12.248,16512.750
2001-02-20,12.097,12.451,12.053,12.292,22812.360
2001-02-21,11.824,12.080,11.815,12.080,29353.060
2001-02-22,11.771,12.044,11.638,11.638,17435.780
2001-02-23,12.097,12.186,11.833,11.833,14043.310
2001-02-26,12.177,12.318,12.053,12.177,14008.910
2001-02-27,12.265,12.309,12.150,12.212,13978.920
2001-02-28,12.097,12.274,12.053,12.265,10423.290
2001-03-01,12.265,12.309,12.053,12.097,9530.220
2001-03-02,12.301,12.380,12.256,12.318,14570.300
2001-03-05,12.186,12.362,12.168,12.345,11897.300
2001-03-06,12.195,12.239,12.018,12.168,11183.160
2001-03-07,12.362,12.433,12.203,12.212,18734.210
2001-03-08,12.345,12.495,12.301,12.362,13846.400
2001-03-09,12.345,12.389,12.212,12.354,14069.280
2001-03-12,12.495,12.495,12.274,12.362,11322.820
2001-03-13,12.283,12.495,12.274,12.495,9996.420
2001-03-14,12.592,12.627,12.274,12.283,17943.930
2001-03-15,12.512,12.645,12.459,12.583,18514.450
2001-03-16,12.557,12.707,12.521,12.521,20178.750
2001-03-19,12.610,12.716,12.565,12.565,13741.570
2001-03-20,12.557,12.671,12.468,12.627,14298.390
2001-03-21,12.521,12.539,12.459,12.539,17303.690
2001-03-22,12.574,12.627,12.486,12.583,14992.660
2001-03-23,12.362,12.627,12.345,12.618,23746.600
2001-03-26,12.495,12.504,12.283,12.309,18562.270
2001-03-27,12.424,12.548,12.371,12.495,14913.560
2001-03-28,12.530,12.610,12.407,12.433,12781.560
2001-03-29,12.636,12.716,12.495,12.548,21481.260
2001-03-30,12.795,12.804,12.654,12.671,24811.190
2001-04-02,12.910,13.016,12.813,12.822,32631.590
2001-04-03,12.839,12.954,12.583,12.936,20926.430
2001-04-04,12.583,12.892,12.557,12.804,20647.470
2001-04-05,12.830,12.839,12.539,12.583,14154.470
2001-04-06,12.839,12.963,12.760,12.875,14581.800
2001-04-09,12.927,12.927,12.733,12.795,13924.850
2001-04-10,13.201,13.334,12.892,12.919,44142.800
2001-04-11,13.254,13.316,13.157,13.245,21659.310
2001-04-12,13.157,13.290,13.051,13.263,22649.800
2001-04-13,13.448,13.581,13.157,13.175,35429.370
2001-04-16,13.687,13.784,13.528,13.528,49510.530
2001-04-17,13.766,13.811,13.510,13.758,35557.260
2001-04-18,13.775,13.908,13.599,13.758,28561.350
2001-04-19,13.863,13.899,13.607,13.775,29934.060
2001-04-20,13.740,14.340,13.687,13.863,59807.050
2001-04-23,13.484,13.669,13.069,13.643,30903.200
2001-04-24,13.961,14.128,13.440,13.484,39916.530
2001-04-25,13.466,14.067,13.378,13.969,32910.910
2001-04-26,13.298,13.625,13.254,13.457,22141.410
2001-04-27,13.325,13.422,13.263,13.298,15704.270
2001-04-30,13.166,13.395,13.095,13.387,15758.280
2001-05-08,13.281,13.316,13.078,13.157,7605.880
2001-05-09,13.360,13.581,13.272,13.281,10097.380
2001-05-10,13.404,13.501,13.316,13.360,5827.400
2001-05-11,13.652,13.652,13.422,13.422,9469.480
2001-05-14,13.819,13.908,13.607,13.713,14315.170
2001-05-15,13.775,13.934,13.616,13.890,12559.230
2001-05-16,13.634,13.846,13.599,13.775,11464.830
2001-05-17,13.687,13.775,13.510,13.643,12390.780
2001-05-18,13.625,13.784,13.528,13.696,10562.470
2001-05-21,13.855,13.872,13.510,13.625,19992.850
2001-05-22,13.758,13.908,13.687,13.855,11085.270
2001-05-23,13.563,13.908,13.493,13.758,14826.880
2001-05-24,13.546,13.687,13.519,13.546,10109.800
2001-05-25,13.387,13.731,13.334,13.563,11295.290
2001-05-28,13.237,13.404,13.157,13.378,10910.120
2001-05-29,13.290,13.404,13.201,13.245,7894.110
2001-05-30,13.546,13.554,13.228,13.316,6835.950
2001-05-31,13.422,13.581,13.378,13.581,7175.300
2001-06-01,13.669,13.943,13.387,13.422,18877.880
2001-06-04,14.296,14.331,13.731,13.837,56602.740
2001-06-05,14.217,14.349,14.128,14.305,39248.960
2001-06-06,14.128,14.287,13.934,14.217,23836.370
2001-06-07,14.005,14.217,13.908,14.128,16194.700
2001-06-08,14.014,14.190,13.908,14.022,13763.450
2001-06-11,14.120,14.252,13.969,14.014,14127.060
2001-06-12,14.305,14.305,14.093,14.128,16337.140
2001-06-13,14.464,14.517,14.323,14.349,26820.640
2001-06-14,13.952,14.482,13.943,14.464,24813.680
2001-06-18,14.111,14.614,13.969,14.217,46046.240
2001-06-19,13.996,14.217,13.952,14.014,10611.550
2001-06-20,13.978,14.217,13.961,13.969,9220.250
2001-06-21,14.314,14.393,13.961,13.978,15914.770
2001-06-22,14.349,14.411,14.234,14.393,17474.420
2001-06-25,14.509,14.589,14.403,14.421,15585.800
2001-06-26,14.677,14.819,14.421,14.553,24658.320
2001-06-27,14.598,14.845,13.978,13.978,17356.940
2001-06-28,14.394,14.651,14.332,14.598,11010.630
2001-06-29,14.394,14.456,14.332,14.430,7496.800
2001-07-02,14.244,14.491,14.226,14.421,6960.000
2001-07-03,14.261,14.288,14.085,14.261,7803.670
2001-07-04,14.208,14.376,14.200,14.332,5464.610
2001-07-05,14.014,14.244,13.978,14.208,11061.060
2001-07-06,13.872,14.058,13.828,14.014,9254.150
2001-07-09,13.899,13.934,13.819,13.872,7438.910
2001-07-10,14.058,14.138,13.934,14.049,5073.200
2001-07-11,13.854,14.146,13.846,14.111,4296.000
2001-07-12,13.704,13.846,13.580,13.801,7840.840
2001-07-13,13.695,13.828,13.678,13.678,3723.000
2001-07-16,13.386,13.801,13.315,13.801,7979.500
2001-07-17,13.545,13.563,13.341,13.341,5280.060
2001-07-18,13.501,13.589,13.430,13.536,2639.280
2001-07-19,13.545,13.571,13.492,13.571,2644.100
2001-07-20,13.784,13.801,13.580,13.580,3528.140
2001-07-23,13.810,13.854,13.616,13.801,8828.960
2001-07-24,13.501,13.722,13.448,13.713,5666.680
2001-07-25,13.403,13.554,13.341,13.359,3830.130
2001-07-26,13.147,13.448,13.138,13.377,6214.990
2001-07-27,13.094,13.315,13.094,13.147,5366.600
2001-07-30,12.395,13.094,12.386,13.094,7822.950
2001-07-31,12.235,12.678,12.218,12.218,6188.550
2001-08-01,12.722,12.740,12.253,12.253,5790.730
2001-08-02,12.554,12.722,12.280,12.722,4322.570
2001-08-03,12.563,12.722,12.457,12.722,2459.200
2001-08-06,12.067,12.563,11.864,12.563,5982.740
2001-08-07,12.280,12.430,11.997,12.032,4090.640
2001-08-08,12.377,12.572,12.209,12.280,2926.600
2001-08-09,12.598,12.651,12.253,12.253,2746.990
2001-08-10,12.678,12.766,12.616,12.740,4646.700
2001-08-13,12.713,12.784,12.474,12.678,3819.320
2001-08-14,12.474,12.757,12.395,12.722,3007.910
2001-08-15,12.563,12.563,12.386,12.386,2040.630
2001-08-16,12.430,12.616,12.430,12.616,1590.000
2001-08-17,12.439,12.474,12.342,12.430,2089.000
2001-08-20,12.572,12.696,12.501,12.519,702.500
2001-08-21,12.731,12.811,12.607,12.607,2638.450
2001-08-22,12.519,12.696,12.368,12.696,3056.730
2001-08-23,12.483,12.519,12.262,12.386,3212.580
2001-08-24,12.315,12.563,12.297,12.563,2073.500
2001-08-27,12.032,12.297,12.032,12.253,4143.500
2001-08-28,12.120,12.120,11.864,11.944,3666.690
2001-08-29,12.174,12.368,12.147,12.147,2076.890
2001-08-30,12.050,12.165,12.041,12.120,1254.700
2001-08-31,12.076,12.120,12.032,12.059,1132.800
2001-09-03,11.890,12.120,11.855,12.120,2213.500
2001-09-04,12.209,12.253,11.882,11.882,1446.210
2001-09-05,12.324,12.642,12.253,12.386,4153.090
2001-09-06,12.404,12.457,12.209,12.342,1747.060
2001-09-07,11.944,12.386,11.944,12.386,3779.770
2001-09-10,12.262,12.271,11.501,11.855,3394.060
2001-09-11,12.262,12.386,12.120,12.262,2217.990
2001-09-12,12.085,12.209,11.678,11.944,3894.000
2001-09-13,12.023,12.253,12.023,12.147,1498.900
2001-09-14,11.908,12.218,11.882,12.218,2831.600
2001-09-17,11.731,11.944,11.705,11.864,3165.840
2001-09-18,11.767,12.120,11.660,11.811,2229.610
2001-09-19,11.899,11.944,11.722,11.775,1347.700
2001-09-20,11.855,12.032,11.855,11.997,1416.100
2001-09-21,11.793,11.908,11.784,11.855,1049.200
2001-09-24,11.749,11.820,11.722,11.722,950.200
2001-09-25,11.775,11.855,11.767,11.767,1513.000
2001-09-26,11.678,11.944,11.590,11.811,1764.110
2001-09-27,11.687,11.882,11.599,11.678,1319.120
2001-09-28,11.599,11.926,11.510,11.722,2913.500
2001-10-08,10.643,11.599,10.616,11.599,8025.680
2001-10-09,10.599,10.785,10.183,10.616,6356.010
2001-10-10,10.086,10.616,10.041,10.510,4150.000
2001-10-11,9.741,10.192,9.741,10.068,4557.500
2001-10-12,10.139,10.254,9.466,9.732,9665.910
2001-10-15,10.041,10.218,9.820,10.165,3420.450
2001-10-16,9.873,10.086,9.785,10.068,1757.000
2001-10-17,9.803,9.988,9.643,9.988,2510.610
2001-10-18,9.643,9.900,9.617,9.803,1785.090
2001-10-19,9.183,9.643,8.936,9.626,6242.410
2001-10-22,8.847,9.166,8.829,8.980,3987.670
2001-10-23,9.732,9.732,9.475,9.732,9264.510
2001-10-24,10.705,10.705,10.263,10.616,23668.690
2001-10-25,10.581,11.041,10.395,10.705,24471.570
2001-10-26,10.599,10.714,10.422,10.528,7501.820
2001-10-29,10.776,10.785,10.616,10.616,4902.290
2001-10-30,10.625,10.820,10.555,10.758,3659.050
2001-10-31,10.608,10.625,10.263,10.625,4218.590
2001-11-01,10.687,10.785,10.546,10.616,4360.490
2001-11-02,10.546,10.758,10.484,10.749,2567.800
2001-11-05,10.422,10.528,10.280,10.440,2406.300
2001-11-06,10.307,10.475,10.263,10.316,2657.100
2001-11-07,9.767,10.351,9.732,10.351,6223.760
2001-11-08,9.811,9.909,9.281,9.573,4605.320
2001-11-09,9.909,10.041,9.564,9.811,2886.200
2001-11-13,9.652,9.909,9.555,9.909,1961.000
2001-11-14,9.829,10.156,9.803,9.909,1874.290
2001-11-15,9.909,9.944,9.829,9.873,1285.070
2001-11-16,10.254,10.900,10.227,10.900,13511.700
2001-11-19,10.519,10.528,10.174,10.245,3275.950
2001-11-20,10.714,10.838,10.528,10.599,8396.910
2001-11-21,10.670,10.776,10.528,10.749,5323.120
2001-11-22,10.723,10.758,10.555,10.687,4431.170
2001-11-23,10.908,11.041,10.174,10.687,11115.890
2001-11-26,10.838,10.900,10.714,10.882,3807.000
2001-11-27,10.953,10.962,10.749,10.749,4152.730
2001-11-28,10.979,11.077,10.935,10.953,6973.540
2001-11-29,10.900,11.015,10.882,10.882,4005.490
2001-11-30,11.006,11.015,10.864,10.882,4791.970
2001-12-03,11.147,11.245,11.050,11.050,6462.930
2001-12-04,11.192,11.192,11.023,11.147,4151.080
2001-12-05,10.970,11.174,10.962,11.165,6888.480
2001-12-06,10.926,10.997,10.776,10.926,4409.620
2001-12-07,10.891,10.988,10.838,10.953,2233.960
2001-12-10,10.873,10.882,10.714,10.714,1915.500
2001-12-11,10.864,11.050,10.767,10.882,4049.650
2001-12-12,10.749,10.847,10.740,10.776,1842.010
2001-12-13,10.440,10.793,10.440,10.749,3260.300
2001-12-14,10.369,10.528,10.263,10.395,2761.000
2001-12-17,10.316,10.422,10.263,10.307,1285.450
2001-12-18,10.510,10.510,10.289,10.316,1612.640
2001-12-19,10.316,10.528,10.307,10.528,2234.000
2001-12-20,9.962,10.316,9.909,10.316,4128.700
2001-12-21,10.086,10.165,9.953,10.165,1879.490
2001-12-24,9.891,10.121,9.873,10.121,1654.600
2001-12-25,9.962,10.174,9.820,9.909,1523.170
2001-12-26,10.068,10.130,9.838,9.838,1572.680
2001-12-27,10.103,10.227,10.041,10.130,2040.380
2001-12-28,10.227,10.245,10.059,10.059,1441.900
2001-12-31,10.307,10.351,10.254,10.254,1500.470
2002-01-04,9.971,10.183,9.891,10.183,1551.890
2002-01-07,9.785,9.979,9.714,9.979,3346.000
2002-01-08,9.749,9.900,9.732,9.829,1546.000
2002-01-09,9.617,9.741,9.573,9.741,2148.530
2002-01-10,9.652,9.732,9.112,9.599,6019.490
2002-01-11,9.413,9.626,9.387,9.387,2359.600
2002-01-14,9.104,9.369,9.024,9.360,4204.130
2002-01-15,9.033,9.227,8.891,9.068,2992.990
2002-01-16,9.298,9.422,9.033,9.033,2742.300
2002-01-17,8.953,9.289,8.856,9.289,3188.000
2002-01-18,9.166,9.378,8.918,8.953,11109.300
2002-01-21,9.015,9.281,8.980,9.112,6562.990
2002-01-22,9.059,9.263,8.936,8.936,5295.700
2002-01-23,9.811,9.891,9.077,9.112,11158.880
2002-01-24,9.873,10.174,9.431,9.714,18093.900
2002-01-25,9.909,10.263,9.785,9.873,11007.970
2002-01-28,9.166,10.130,9.157,10.130,10776.100
2002-01-29,9.537,9.732,8.936,9.130,7003.860
2002-01-30,9.511,9.670,9.422,9.511,4066.500
2002-01-31,10.218,10.378,9.626,9.626,20240.710
2002-02-01,10.077,10.351,10.006,10.236,10170.260
2002-02-04,10.227,10.316,10.050,10.086,5448.460
2002-02-05,10.245,10.298,10.095,10.201,4663.620
2002-02-06,9.979,10.227,9.979,10.227,4555.000
2002-02-07,10.068,10.236,9.926,9.953,4458.310
2002-02-08,10.201,10.395,10.156,10.280,7376.400
2002-02-25,10.440,10.670,10.351,10.616,9667.800
2002-02-26,10.351,10.395,10.174,10.395,2880.310
2002-02-27,10.325,10.440,10.298,10.351,2498.400
2002-02-28,10.201,10.351,10.174,10.271,2678.000
2002-03-01,9.997,10.174,9.979,10.174,3827.890
2002-03-04,10.165,10.210,9.935,9.953,2472.000
2002-03-05,10.404,10.475,10.174,10.174,6440.810
2002-03-06,10.333,10.599,10.316,10.528,8747.000
2002-03-07,10.661,10.661,10.316,10.333,12623.840
2002-03-08,10.687,10.793,10.528,10.723,13683.030
2002-03-11,11.156,11.192,10.731,10.802,20332.920
2002-03-12,11.156,11.501,11.015,11.483,38858.590
2002-03-13,11.112,11.731,11.068,11.192,32727.060
2002-03-14,11.262,11.280,10.864,11.059,14999.850
2002-03-15,10.776,11.324,10.723,11.253,13023.150
2002-03-18,10.731,11.094,10.625,10.793,7857.520
2002-03-19,11.245,11.307,10.731,10.793,11043.330
2002-03-20,11.262,11.333,11.147,11.280,13862.870
2002-03-21,11.660,11.740,11.395,11.413,45893.390
2002-03-22,11.368,11.572,11.289,11.501,13300.350
2002-03-25,11.360,11.457,11.262,11.307,5412.060
2002-03-26,11.121,11.368,11.068,11.360,6933.850
2002-03-28,11.068,11.324,11.059,11.147,5308.800
2002-03-29,10.696,11.023,10.652,11.023,9568.900
2002-04-01,10.661,10.749,10.528,10.678,4472.970
2002-04-02,10.440,10.758,10.369,10.696,6070.000
2002-04-03,10.501,10.581,10.413,10.440,5540.470
2002-04-04,10.855,10.882,10.466,10.501,3496.080
2002-04-05,10.740,11.015,10.670,11.015,3527.000
2002-04-08,10.776,10.873,10.634,10.740,3141.970
2002-04-09,10.935,10.970,10.749,10.793,5025.010
2002-04-10,10.979,11.015,10.864,10.970,4378.000
2002-04-11,10.714,10.988,10.705,10.979,3669.000
2002-04-12,10.714,10.785,10.634,10.714,3269.920
2002-04-15,10.643,10.847,10.599,10.749,3201.090
2002-04-16,10.599,10.705,10.528,10.528,2262.310
2002-04-17,10.616,10.670,10.510,10.634,2627.990
2002-04-18,10.519,10.705,10.510,10.616,1580.380
2002-04-19,10.599,10.599,10.378,10.475,3816.400
2002-04-22,10.537,10.572,10.395,10.546,1277.090
2002-04-23,10.608,10.661,10.510,10.537,1564.830
2002-04-24,10.510,10.643,10.457,10.599,1499.000
2002-04-25,10.537,10.555,10.440,10.546,1521.000
2002-04-26,10.705,10.749,10.572,10.572,2056.310
2002-04-29,10.900,10.926,10.705,10.758,3584.890
2002-04-30,10.900,11.015,10.847,10.900,2779.920
2002-05-08,10.749,11.041,10.731,11.015,1755.000
2002-05-09,10.643,10.749,10.608,10.749,2353.000
2002-05-10,10.528,10.643,10.484,10.643,2743.100
2002-05-13,10.316,10.528,10.245,10.510,6661.550
2002-05-14,10.342,10.369,10.271,10.271,1884.680
2002-05-15,10.342,10.440,10.271,10.351,1970.600
2002-05-16,9.935,10.307,9.732,9.732,4108.970
2002-05-17,9.953,10.156,9.051,9.962,5686.800
2002-05-20,9.679,9.909,9.564,9.909,2568.300
2002-05-21,10.041,10.174,9.900,9.953,3491.410
2002-05-22,9.953,10.174,9.803,10.174,2282.780
2002-05-23,9.997,10.245,9.953,9.953,2495.180
2002-05-24,9.900,9.962,9.785,9.909,1692.000
2002-05-27,9.944,10.121,9.758,9.997,1069.500
2002-05-28,9.909,10.015,9.891,9.953,1273.000
2002-05-29,9.652,9.820,9.599,9.820,3031.280
2002-05-30,9.564,9.643,9.404,9.564,2274.900
2002-05-31,9.537,9.688,9.511,9.599,1380.000
2002-06-03,9.334,9.449,9.281,9.449,2722.400
2002-06-04,9.378,9.413,9.281,9.316,1489.310
2002-06-05,9.166,9.378,9.112,9.378,2149.000
2002-06-06,9.546,9.723,9.024,9.095,3804.390
2002-06-10,9.528,9.732,9.440,9.608,2068.970
2002-06-11,9.599,9.643,9.519,9.519,1351.040
2002-06-12,9.484,9.555,9.404,9.555,825.000
2002-06-13,9.369,9.546,9.360,9.484,1002.100
2002-06-14,9.289,9.369,9.236,9.245,1168.300
2002-06-17,9.466,9.466,9.236,9.245,1141.170
2002-06-18,9.617,9.643,9.466,9.573,2654.320
2002-06-19,9.484,9.626,9.449,9.617,784.700
2002-06-20,9.590,9.688,9.511,9.537,2056.120
2002-06-21,9.902,9.920,9.600,9.733,4259.280
2002-06-24,10.890,10.890,10.454,10.890,33314.850
2002-06-25,10.899,11.433,10.836,10.890,25072.740
2002-06-26,11.014,11.059,10.747,10.890,8999.730
2002-06-27,11.050,11.121,10.899,11.050,8810.610
2002-06-28,11.068,11.192,10.925,11.032,12415.000
2002-07-01,11.103,11.255,11.068,11.112,7511.470
2002-07-02,11.086,11.299,10.970,11.068,5355.900
2002-07-03,11.032,11.255,10.988,11.068,2781.650
2002-07-04,10.899,11.050,10.890,11.032,2996.600
2002-07-05,11.014,11.370,10.899,11.370,4154.880
2002-07-08,11.014,11.094,10.899,11.032,3045.160
2002-07-09,10.997,11.077,10.970,11.032,2034.490
2002-07-10,10.739,11.014,10.721,10.979,4251.870
2002-07-11,10.774,10.961,10.694,10.712,4137.080
2002-07-12,10.658,10.810,10.641,10.756,2984.100
2002-07-15,10.543,10.632,10.481,10.614,2570.500
2002-07-16,10.543,10.658,10.481,10.534,1887.140
2002-07-17,10.605,10.605,10.320,10.320,893.590
2002-07-18,10.676,10.721,10.632,10.667,1599.990
2002-07-19,10.676,10.712,10.614,10.685,1020.000
2002-07-22,10.507,10.667,10.498,10.658,1883.300
2002-07-23,10.436,10.534,10.409,10.463,1318.000
2002-07-24,10.561,10.587,10.320,10.409,2003.790
2002-07-25,10.436,10.587,10.409,10.507,709.030
2002-07-26,10.409,10.463,10.365,10.463,740.190
2002-07-29,10.365,10.436,10.160,10.160,787.200
2002-07-30,10.347,10.392,10.294,10.365,517.000
2002-07-31,10.303,10.400,10.294,10.320,812.000
2002-08-01,10.285,10.303,10.214,10.303,541.010
2002-08-02,10.356,10.392,10.276,10.294,598.000
2002-08-05,10.258,10.347,10.223,10.258,560.850
2002-08-06,10.409,10.454,10.258,10.258,837.760
2002-08-07,10.365,10.409,10.320,10.383,768.030
2002-08-08,10.472,11.032,10.374,11.032,3248.860
2002-08-09,10.365,10.445,10.356,10.409,663.000
2002-08-12,10.249,10.320,10.231,10.249,727.000
2002-08-13,10.267,10.347,10.231,10.231,577.200
2002-08-14,10.303,10.320,10.276,10.276,422.460
2002-08-15,10.356,10.383,10.258,10.285,2129.770
2002-08-16,10.525,10.676,10.303,10.338,3072.070
2002-08-19,10.747,10.801,10.507,10.578,5445.280
2002-08-20,10.872,10.925,10.667,10.667,10213.280
2002-08-21,10.810,10.890,10.747,10.854,1853.150
2002-08-22,10.836,10.899,10.676,10.836,2934.310
2002-08-23,10.676,10.828,10.676,10.810,2034.200
2002-08-26,10.721,10.801,10.641,10.676,2012.700
2002-08-27,10.854,10.854,10.676,10.765,2309.710
2002-08-28,10.747,10.908,10.685,10.872,1984.790
2002-08-29,10.570,10.721,10.570,10.721,1661.000
2002-08-30,10.614,10.676,10.570,10.587,817.000
2002-09-02,10.703,10.721,10.596,10.596,676.000
2002-09-03,10.765,10.792,10.694,10.694,936.000
2002-09-04,10.587,10.765,10.587,10.765,993.000
2002-09-05,10.454,10.667,10.445,10.667,2230.100
2002-09-06,10.392,10.472,10.374,10.472,1923.200
2002-09-09,10.356,10.409,10.320,10.365,843.200
2002-09-10,10.383,10.409,10.258,10.258,601.500
2002-09-11,10.338,10.374,10.276,10.311,850.500
2002-09-12,10.365,10.409,10.303,10.338,1076.500
2002-09-13,10.409,10.454,10.356,10.356,1045.120
2002-09-16,10.249,10.427,10.231,10.427,883.020
2002-09-17,10.392,10.427,10.231,10.249,1181.600
2002-09-18,10.303,10.392,10.285,10.392,482.000
2002-09-19,10.418,10.481,10.223,10.303,710.170
2002-09-20,10.267,10.418,10.169,10.418,429.200
2002-09-23,10.276,10.356,10.187,10.187,488.470
2002-09-24,10.187,10.276,10.187,10.231,879.070
2002-09-25,10.196,10.240,10.178,10.231,750.460
2002-09-26,10.178,10.231,10.169,10.196,1693.000
2002-09-27,10.125,10.214,10.080,10.098,911.100
2002-10-08,9.973,10.000,9.947,9.973,789.150
2002-10-09,10.018,10.053,9.911,9.973,1328.060
2002-10-10,9.876,9.973,9.876,9.973,779.800
2002-10-11,9.769,10.018,9.707,9.965,642.440
2002-10-14,9.787,9.787,9.564,9.787,804.390
2002-10-15,9.733,9.831,9.707,9.787,329.000
2002-10-16,9.822,9.938,9.787,9.787,775.460
2002-10-17,9.582,9.822,9.564,9.822,1360.000
2002-10-18,9.573,9.609,9.457,9.475,1128.210
2002-10-21,9.635,9.680,9.511,9.609,400.000
2002-10-22,9.733,9.804,9.635,9.635,1130.910
2002-10-23,9.715,9.769,9.653,9.769,513.000
2002-10-24,9.564,9.698,9.475,9.698,1001.620
2002-10-25,9.564,9.618,9.502,9.582,931.620
2002-10-28,9.235,9.715,9.119,9.119,3305.070
2002-10-29,9.386,9.395,9.190,9.208,2032.600
2002-10-30,9.333,9.395,9.253,9.324,566.000
2002-10-31,9.297,9.920,9.297,9.920,2462.270
2002-11-01,9.360,9.431,9.297,9.431,544.820
2002-11-04,9.466,9.484,9.297,9.475,2203.610
2002-11-05,9.698,9.787,9.368,9.520,2742.000
2002-11-06,9.680,9.715,9.626,9.653,1086.720
2002-11-07,9.591,9.680,9.537,9.680,943.140
2002-11-08,9.333,9.742,9.324,9.698,1675.000
2002-11-11,9.226,9.351,9.226,9.253,970.990
2002-11-12,9.226,9.475,9.208,9.297,4424.000
2002-11-13,9.253,9.253,9.093,9.217,1916.340
2002-11-14,9.164,9.253,9.146,9.146,1179.800
2002-11-15,9.164,9.279,9.119,9.146,1670.970
2002-11-18,9.119,9.208,9.093,9.208,866.270
2002-11-19,9.279,9.297,9.119,9.119,906.360
2002-11-20,9.137,9.262,9.093,9.164,1663.490
2002-11-21,8.879,9.075,8.861,9.075,2968.410
2002-11-22,8.861,8.986,8.746,8.879,1967.660
2002-11-25,8.772,8.897,8.728,8.861,1231.200
2002-11-26,8.559,8.897,8.541,8.897,1144.000
2002-11-27,8.052,8.452,7.874,8.452,5241.190
2002-11-28,8.265,8.319,7.936,8.052,2392.190
2002-11-29,8.470,8.559,8.167,8.292,5495.230
2002-12-02,8.078,8.434,8.052,8.434,1721.000
2002-12-03,8.158,8.185,8.034,8.052,1036.000
2002-12-04,8.274,8.452,8.176,8.230,2041.960
2002-12-05,8.132,8.274,8.078,8.274,1489.940
2002-12-06,8.194,8.256,8.087,8.132,938.830
2002-12-09,8.158,8.274,8.096,8.096,837.000
2002-12-10,8.078,8.230,8.078,8.158,813.510
2002-12-11,7.989,8.078,7.927,8.061,1421.000
2002-12-12,8.034,8.141,8.007,8.007,879.000
2002-12-13,8.141,8.185,7.918,8.016,1152.660
2002-12-16,8.301,8.345,8.007,8.203,5523.550
2002-12-17,8.310,8.408,8.150,8.274,3600.610
2002-12-18,8.274,8.372,8.256,8.310,2743.500
2002-12-19,8.256,8.336,8.167,8.336,1269.180
2002-12-20,8.372,8.399,8.230,8.247,2489.540
2002-12-23,8.363,8.434,8.363,8.381,1673.000
2002-12-24,8.363,8.408,8.230,8.230,906.600
2002-12-25,8.256,8.416,8.239,8.399,1407.090
2002-12-26,8.025,8.230,7.998,8.221,2332.500
2002-12-27,7.954,8.069,7.909,7.945,1422.140
2002-12-30,7.811,7.963,7.785,7.963,2032.500
2002-12-31,7.660,7.829,7.651,7.811,2021.000
2003-01-02,7.411,7.634,7.393,7.562,1812.480
2003-01-03,7.349,7.465,7.295,7.402,1599.950
2003-01-06,7.500,7.509,7.295,7.304,1352.790
2003-01-07,7.518,7.625,7.384,7.384,1237.640
2003-01-08,7.696,7.731,7.509,7.562,2004.820
2003-01-09,7.874,7.909,7.651,7.723,3674.270
2003-01-10,7.785,7.981,7.776,7.874,3406.530
2003-01-13,7.785,7.829,7.731,7.749,2038.000
2003-01-14,8.141,8.292,7.740,7.740,6815.430
2003-01-15,8.239,8.416,8.167,8.230,10973.080
2003-01-16,8.497,8.586,8.212,8.247,9895.510
2003-01-17,8.710,9.030,8.479,8.541,20639.050
2003-01-20,8.808,8.888,8.586,8.719,9242.490
2003-01-21,8.728,9.262,8.719,9.253,12076.000
2003-01-22,8.710,8.719,8.488,8.630,6510.760
2003-01-23,8.497,8.719,8.497,8.710,3153.000
2003-01-24,8.550,8.568,8.328,8.452,6464.940
2003-01-27,8.630,8.674,8.470,8.586,3329.340
2003-01-28,8.621,8.710,8.603,8.630,2962.500
2003-01-29,8.683,8.763,8.621,8.621,3811.670
2003-02-10,8.523,8.683,8.479,8.683,1046.420
2003-02-11,8.737,8.888,8.612,8.630,11385.220
2003-02-12,8.763,8.772,8.612,8.737,4950.040
2003-02-13,8.755,8.835,8.719,8.772,4682.810
2003-02-14,8.719,8.799,8.657,8.657,2546.500
2003-02-17,8.603,8.737,8.586,8.728,2980.980
2003-02-18,8.701,8.772,8.541,8.559,3366.150
2003-02-19,8.701,8.808,8.372,8.372,1907.000
2003-02-20,8.630,8.719,8.630,8.674,2027.000
2003-02-21,8.381,8.586,8.363,8.559,3479.090
2003-02-24,8.328,8.452,8.283,8.283,2188.870
2003-02-25,8.497,8.523,8.363,8.363,3312.290
2003-02-26,8.594,8.612,8.514,8.523,3432.470
2003-02-27,8.523,8.666,8.505,8.586,2702.000
2003-02-28,8.479,8.586,8.452,8.523,1573.000
2003-03-03,8.577,8.586,8.479,8.479,2254.970
2003-03-04,8.621,8.666,8.568,8.630,2820.490
2003-03-05,8.541,8.630,8.452,8.630,1299.350
2003-03-06,8.354,8.505,8.345,8.497,2582.700
2003-03-07,8.328,8.452,8.319,8.452,1206.000
2003-03-10,8.105,8.381,8.096,8.328,2060.890
2003-03-11,8.069,8.141,8.016,8.141,2247.000
2003-03-12,8.176,8.185,8.025,8.105,2786.990
2003-03-13,8.016,8.185,8.007,8.176,1822.450
2003-03-14,8.025,8.078,7.972,8.007,1332.100
2003-03-17,8.007,8.096,7.981,8.096,1489.000
2003-03-18,7.918,8.078,7.847,8.007,3468.950
2003-03-19,7.918,7.963,7.874,7.909,1239.440
2003-03-20,7.989,8.105,7.927,7.927,3587.650
2003-03-21,8.043,8.052,7.963,8.007,4077.460
2003-03-24,7.972,8.185,7.651,7.998,1311.500
2003-03-25,7.874,7.963,7.829,7.927,2213.080
2003-03-26,7.829,7.883,7.785,7.829,1753.000
2003-03-27,8.052,8.061,7.696,7.829,2907.190
2003-03-28,8.052,8.114,7.705,8.052,7970.000
2003-03-31,8.185,8.274,8.105,8.247,10652.920
2003-04-01,8.256,8.256,8.114,8.185,4644.060
2003-04-02,8.256,8.274,8.167,8.274,2389.420
2003-04-03,8.132,8.292,8.105,8.256,2261.650
2003-04-04,8.132,8.185,8.096,8.185,1582.630
2003-04-07,8.265,8.345,7.562,7.562,6302.880
2003-04-08,8.096,8.274,8.069,8.256,2786.700
2003-04-09,8.105,8.141,7.883,8.096,4342.080
2003-04-10,8.719,8.870,8.096,8.096,38177.780
2003-04-11,8.932,9.057,8.630,8.728,28096.360
2003-04-14,8.932,9.021,8.852,8.950,25975.790
2003-04-15,9.431,9.787,9.039,9.039,43704.260
2003-04-16,9.084,9.457,9.066,9.413,19117.510
2003-04-17,9.520,9.609,9.039,9.084,34065.970
2003-04-18,9.626,10.320,9.609,9.653,50555.620
2003-04-21,9.760,10.009,9.626,9.795,31734.970
2003-04-22,9.368,9.902,9.253,9.787,17716.810
2003-04-23,9.529,9.698,9.146,9.431,24830.380
2003-04-24,9.440,9.787,9.386,9.609,24359.000
2003-04-25,9.271,9.653,9.173,9.413,14891.570
2003-04-28,9.609,9.795,9.386,9.698,30530.840
2003-04-29,9.253,9.698,9.244,9.609,16973.430
2003-04-30,8.879,9.164,8.719,9.164,21100.040
2003-05-12,8.932,9.048,8.746,8.879,8949.350
2003-05-13,8.239,8.897,8.167,8.897,13716.580
2003-05-14,8.381,8.425,8.105,8.185,7587.510
2003-05-15,8.514,8.523,8.185,8.372,8876.690
2003-05-19,8.755,8.763,8.523,8.612,8482.060
2003-05-20,8.479,8.852,8.434,8.719,4743.530
2003-05-21,8.345,8.479,8.319,8.470,4504.000
2003-05-22,8.452,8.586,8.274,8.345,5316.160
2003-05-23,8.532,8.621,8.434,8.497,7437.390
2003-05-26,8.470,8.586,8.434,8.497,5807.100
2003-05-27,8.416,8.452,8.283,8.452,5315.230
2003-05-28,8.408,8.586,8.381,8.434,6899.230
2003-05-29,8.443,8.452,8.319,8.434,5190.050
2003-05-30,8.587,8.677,8.444,8.506,7414.120
2003-06-02,8.686,8.712,8.551,8.641,5353.000
2003-06-03,8.489,8.721,8.489,8.641,4787.000
2003-06-04,8.462,8.524,8.354,8.426,4136.000
2003-06-05,8.345,8.444,8.336,8.444,2612.000
2003-06-06,8.193,8.336,8.193,8.336,4033.500
2003-06-09,8.095,8.184,8.086,8.104,2406.000
2003-06-10,8.175,8.184,8.077,8.095,1990.080
2003-06-11,8.283,8.301,8.166,8.247,1997.460
2003-06-12,8.193,8.327,8.157,8.265,3353.990
2003-06-13,8.265,8.274,8.220,8.229,5383.280
2003-06-16,8.247,8.283,8.193,8.238,5817.900
2003-06-17,8.229,8.327,8.229,8.292,3645.500
2003-06-18,8.202,8.238,8.193,8.202,1990.100
2003-06-19,8.023,8.193,7.969,8.130,3799.140
2003-06-20,7.969,8.032,7.942,8.014,3514.030
2003-06-23,7.907,7.951,7.835,7.880,3388.410
2003-06-24,7.978,7.987,7.907,7.907,2699.480
2003-06-25,7.889,8.050,7.889,8.014,1834.000
2003-06-26,7.960,7.960,7.781,7.889,2974.600
2003-06-27,7.790,7.960,7.790,7.960,1833.000
2003-06-30,7.736,7.835,7.701,7.754,2102.990
2003-07-01,7.710,7.817,7.701,7.736,3053.910
2003-07-02,7.853,7.853,7.701,7.719,2460.100
2003-07-03,7.924,8.014,7.853,7.871,2975.000
2003-07-04,7.880,7.969,7.799,7.924,1410.000
2003-07-07,8.005,8.014,7.853,7.880,2119.140
2003-07-08,8.032,8.041,7.969,7.996,2526.580
2003-07-09,7.924,8.041,7.880,7.978,1353.240
2003-07-10,7.996,8.014,7.880,7.924,3427.300
2003-07-11,8.104,8.175,8.005,8.014,4791.840
2003-07-14,8.068,8.157,8.059,8.157,1821.800
2003-07-15,8.014,8.104,7.969,8.059,1428.020
2003-07-16,7.978,8.086,7.924,8.059,1685.220
2003-07-17,7.924,8.095,7.924,7.951,2593.000
2003-07-18,7.808,8.014,7.790,7.951,2399.990
2003-07-21,7.584,7.772,7.566,7.701,3181.450
2003-07-22,7.763,7.969,7.593,7.611,2507.190
2003-07-23,7.835,7.844,7.611,7.799,2683.510
2003-07-24,7.933,7.969,7.647,7.790,4497.350
2003-07-25,7.683,8.041,7.656,7.987,4896.190
2003-07-28,7.629,7.674,7.602,7.629,1603.700
2003-07-29,7.656,7.790,7.611,7.736,3416.000
2003-07-30,7.692,7.710,7.566,7.665,1675.350
2003-07-31,7.638,7.710,7.593,7.710,1486.480
2003-08-01,7.530,7.611,7.396,7.611,4671.720
2003-08-04,7.674,7.683,7.477,7.530,3962.380
2003-08-05,7.629,7.701,7.593,7.683,2234.690
2003-08-06,7.539,7.620,7.522,7.620,1488.000
2003-08-07,7.530,7.602,7.504,7.522,1813.990
2003-08-08,7.432,7.522,7.414,7.522,2518.000
2003-08-11,7.432,7.477,7.396,7.477,1442.100
2003-08-12,7.522,7.602,7.450,7.477,2008.740
2003-08-13,7.441,7.566,7.432,7.566,1060.740
2003-08-14,7.459,7.504,7.423,7.450,1658.000
2003-08-15,7.522,7.522,7.387,7.387,1019.800
2003-08-18,7.325,7.530,7.074,7.074,1169.410
2003-08-19,7.316,7.360,7.262,7.325,1486.040
2003-08-20,7.172,7.369,7.154,7.316,2295.000
2003-08-21,7.128,7.325,7.092,7.181,2298.480
2003-08-22,6.975,7.163,6.966,7.128,4439.660
2003-08-25,6.805,6.940,6.787,6.940,4157.280
2003-08-26,6.850,6.940,6.769,6.805,2367.810
2003-08-27,6.805,6.886,6.769,6.841,1470.000
2003-08-28,6.743,6.886,6.725,6.787,2020.540
2003-08-29,6.787,6.796,6.689,6.743,1396.120
2003-09-01,6.975,6.993,6.787,6.787,2881.680
2003-09-02,6.931,7.056,6.895,6.984,2326.860
2003-09-03,6.922,6.931,6.787,6.886,2218.790
2003-09-04,6.984,7.128,6.931,6.931,4503.100
2003-09-05,6.850,6.931,6.814,6.931,1544.000
2003-09-08,6.886,6.922,6.823,6.832,971.500
2003-09-09,6.993,7.092,6.886,6.886,2827.020
2003-09-10,7.038,7.145,6.895,6.984,2880.670
2003-09-11,6.957,7.038,6.948,6.993,1269.000
2003-09-12,6.796,6.940,6.787,6.904,1850.990
2003-09-15,6.716,6.787,6.689,6.689,1353.100
2003-09-16,6.734,6.769,6.626,6.716,1296.200
2003-09-17,6.626,6.734,6.581,6.734,2481.980
2003-09-18,6.760,6.850,6.662,6.662,4020.320
2003-09-19,6.689,6.805,6.653,6.707,1463.000
2003-09-22,6.734,6.796,6.671,6.796,1074.000
2003-09-23,6.751,6.787,6.671,6.716,1008.210
2003-09-24,6.931,6.975,6.734,6.751,3363.270
2003-09-25,6.734,6.931,6.725,6.931,1395.090
2003-09-26,6.689,6.787,6.590,6.626,1065.270
2003-09-29,6.546,6.680,6.537,6.680,1963.270
2003-09-30,6.581,6.599,6.528,6.537,1238.260
2003-10-08,6.608,6.644,6.537,6.581,726.210
2003-10-09,6.725,6.832,6.590,6.608,3509.330
2003-10-10,7.047,7.074,6.707,6.787,10349.660
2003-10-13,7.298,7.486,7.262,7.262,30859.500
2003-10-14,7.244,7.307,7.101,7.298,8517.980
2003-10-15,7.092,7.289,7.074,7.208,4320.990
2003-10-16,6.922,7.190,6.895,7.083,4270.670
2003-10-17,6.913,7.002,6.886,6.886,2907.530
2003-10-20,6.823,6.984,6.751,6.922,1841.500
2003-10-21,6.841,6.877,6.698,6.823,1841.230
2003-10-22,7.020,7.074,6.814,6.850,4228.920
2003-10-23,6.886,7.056,6.877,7.056,2525.260
2003-10-24,6.787,6.940,6.787,6.886,2111.270
2003-10-27,6.653,6.787,6.590,6.787,3333.010
2003-10-28,6.698,6.716,6.599,6.626,2007.810
2003-10-29,6.429,6.635,6.420,6.590,4247.900
2003-10-30,6.089,6.358,5.802,6.358,6360.740
2003-10-31,6.125,6.250,5.955,6.080,2554.500
2003-11-03,6.134,6.169,6.044,6.089,1971.470
2003-11-04,6.295,6.411,6.134,6.134,4473.380
2003-11-05,6.143,6.429,6.089,6.322,2595.730
2003-11-06,5.928,6.152,5.910,5.910,3956.900
2003-11-07,5.964,5.964,5.802,5.865,2850.990
2003-11-10,5.946,5.999,5.910,5.999,1548.200
2003-11-11,5.883,5.964,5.838,5.838,1217.970
2003-11-12,5.731,5.874,5.731,5.874,2298.000
2003-11-13,5.704,5.767,5.641,5.641,1734.560
2003-11-14,5.820,5.883,5.686,5.695,1543.000
2003-11-17,5.820,5.865,5.802,5.820,716.000
2003-11-18,5.749,5.838,5.740,5.820,733.990
2003-11-19,5.856,5.910,5.677,5.686,1731.660
2003-11-20,6.098,6.125,5.937,5.964,5765.750
2003-11-21,5.928,6.187,5.883,6.178,4977.330
2003-11-24,6.358,6.411,5.946,5.946,13400.100
2003-11-25,6.313,6.528,6.232,6.340,12087.790
2003-11-26,6.178,6.268,6.134,6.268,4711.670
2003-11-27,6.268,6.358,6.178,6.214,7328.000
2003-11-28,6.187,6.304,6.134,6.268,2852.580
2003-12-01,6.304,6.313,6.196,6.250,4345.270
2003-12-02,6.295,6.366,6.277,6.322,4429.000
2003-12-03,6.322,6.349,6.178,6.295,6392.280
2003-12-04,6.331,6.340,6.223,6.322,4098.340
2003-12-05,6.384,6.492,6.313,6.340,5294.500
2003-12-08,6.178,6.402,6.178,6.402,3251.000
2003-12-09,6.187,6.259,6.107,6.161,2731.690
2003-12-10,6.268,6.268,6.134,6.187,2950.100
2003-12-11,6.304,6.393,6.223,6.268,4886.350
2003-12-12,6.268,6.313,6.196,6.313,2852.470
2003-12-15,6.259,6.322,6.223,6.322,3017.670
2003-12-16,6.169,6.322,6.134,6.313,3733.000
2003-12-17,6.349,6.420,6.143,6.214,13334.950
2003-12-18,6.089,6.375,6.053,6.358,6842.790
2003-12-19,5.829,6.152,5.758,6.080,7040.740
2003-12-22,5.910,5.955,5.650,5.802,8333.140
2003-12-23,5.919,5.981,5.865,5.919,4833.630
2003-12-24,5.972,5.981,5.901,5.910,4493.000
2003-12-25,5.946,6.008,5.910,5.990,3452.900
2003-12-26,5.981,6.035,5.955,5.981,3086.500
2003-12-29,6.053,6.259,6.053,6.161,9356.760
2003-12-30,5.928,6.017,5.910,6.017,4357.960
2003-12-31,5.919,5.955,5.820,5.910,2982.300
2004-01-02,5.892,5.919,5.838,5.838,2408.250
2004-01-05,5.892,5.990,5.820,5.955,6491.930
2004-01-06,5.972,6.071,5.865,5.865,7757.990
2004-01-07,6.044,6.053,5.892,5.972,8154.430
2004-01-08,6.259,6.268,6.008,6.062,11799.670
2004-01-09,6.178,6.313,6.116,6.259,7926.450
2004-01-12,6.340,6.349,6.125,6.134,9556.260
2004-01-13,6.331,6.393,6.250,6.384,8791.850
2004-01-14,6.232,6.340,6.223,6.331,4751.000
2004-01-15,6.196,6.286,6.152,6.187,4871.050
2004-01-16,6.268,6.304,6.187,6.196,4428.600
2004-01-29,6.528,6.581,6.313,6.313,7871.320
2004-01-30,6.456,6.626,6.411,6.528,9038.480
2004-02-02,6.626,6.626,6.411,6.581,10732.600
2004-02-03,6.662,6.689,6.554,6.626,8757.190
2004-02-04,6.751,6.751,6.653,6.680,11482.110
2004-02-05,6.841,6.948,6.751,6.751,13037.830
2004-02-06,6.716,6.868,6.716,6.859,11960.430
2004-02-09,7.172,7.235,6.716,6.716,21236.150
2004-02-10,7.289,7.405,7.056,7.172,35138.650
2004-02-11,7.181,7.262,7.074,7.253,11452.080
2004-02-12,7.154,7.253,7.119,7.181,9748.100
2004-02-13,7.002,7.208,6.984,7.208,8385.340
2004-02-16,7.128,7.145,7.002,7.002,6079.600
2004-02-17,7.325,7.387,7.145,7.145,14062.170
2004-02-18,7.253,7.325,7.172,7.262,9083.710
2004-02-19,7.316,7.325,7.217,7.271,7774.580
2004-02-20,7.325,7.342,7.208,7.307,7063.460
2004-02-23,7.154,7.369,7.145,7.325,9775.680
2004-02-24,6.993,7.092,6.895,7.092,11016.660
2004-02-25,6.778,7.119,6.734,7.038,7317.850
2004-02-26,6.662,6.805,6.599,6.734,6229.810
2004-02-27,6.796,6.805,6.662,6.680,4363.390
2004-03-01,6.832,6.850,6.671,6.814,3904.500
2004-03-02,6.832,6.895,6.716,6.841,4657.920
2004-03-03,6.707,6.877,6.698,6.832,3430.600
2004-03-04,6.716,6.716,6.546,6.680,4581.770
2004-03-05,6.635,6.716,6.626,6.716,3486.750
2004-03-08,6.492,6.653,6.492,6.626,4094.100
2004-03-09,6.420,6.537,6.340,6.483,3857.620
2004-03-10,6.590,6.599,6.358,6.411,4282.570
2004-03-11,6.662,6.671,6.519,6.590,3751.920
2004-03-12,6.617,6.662,6.563,6.662,2261.200
2004-03-15,6.716,6.716,6.581,6.599,4544.810
2004-03-16,6.725,6.760,6.698,6.751,3815.750
2004-03-17,6.689,6.769,6.626,6.725,3899.860
2004-03-18,6.626,6.760,6.626,6.689,6687.000
2004-03-19,6.671,6.689,6.554,6.608,4281.870
2004-03-22,6.769,6.778,6.626,6.671,6310.350
2004-03-23,6.743,6.778,6.698,6.778,3664.140
2004-03-24,6.769,6.814,6.725,6.743,4973.800
2004-03-25,6.751,6.832,6.734,6.778,4029.830
2004-03-29,6.671,6.769,6.608,6.769,5352.390
2004-03-30,6.716,6.716,6.546,6.680,5256.750
2004-03-31,6.886,6.895,6.716,6.760,8785.740
2004-04-01,6.895,6.931,6.850,6.913,8411.270
2004-04-02,6.895,6.922,6.877,6.895,6633.750
2004-04-05,6.975,6.984,6.859,6.877,7875.370
2004-04-06,7.047,7.056,6.948,7.029,7178.390
2004-04-07,6.913,7.056,6.913,7.056,5568.290
2004-04-08,6.984,7.002,6.850,6.913,9899.550
2004-04-09,6.814,7.038,6.698,7.029,12089.970
2004-04-12,6.769,6.814,6.644,6.751,6238.130
2004-04-13,6.841,6.859,6.760,6.814,6634.800
2004-04-14,6.859,7.011,6.760,6.877,17896.330
2004-04-15,6.716,6.948,6.716,6.877,5616.400
2004-04-16,6.707,6.725,6.429,6.725,6697.300
2004-04-19,6.716,6.760,6.590,6.635,4602.000
2004-04-20,6.617,6.778,6.537,6.707,3310.000
2004-04-21,6.519,6.626,6.474,6.626,3450.510
2004-04-22,6.554,6.572,6.492,6.492,2051.520
2004-04-23,6.537,6.698,6.537,6.590,6348.600
2004-04-26,6.483,6.572,6.358,6.554,2315.150
2004-04-27,6.322,6.483,6.313,6.456,3332.200
2004-04-28,6.331,6.366,6.268,6.277,2853.210
2004-04-29,6.161,6.340,6.143,6.268,3260.360
2004-04-30,6.178,6.241,6.098,6.134,1937.900
2004-05-10,6.134,6.259,6.125,6.134,950.000
2004-05-11,6.134,6.178,6.098,6.134,889.000
2004-05-12,6.340,6.447,6.107,6.116,2015.000
2004-05-13,6.232,6.313,6.196,6.268,1677.100
2004-05-14,6.152,6.259,6.107,6.259,871.000
2004-05-17,6.071,6.169,6.017,6.143,1392.490
2004-05-18,6.187,6.187,5.999,6.089,1843.000
2004-05-19,6.295,6.304,6.107,6.223,2839.990
2004-05-20,6.259,6.313,6.178,6.268,2016.500
2004-05-21,6.340,6.349,6.205,6.268,1648.250
2004-05-24,6.340,6.447,6.304,6.402,4707.730
2004-05-25,6.161,6.411,6.134,6.286,1371.000
2004-05-26,6.286,6.429,6.125,6.134,1725.010
2004-05-27,6.492,6.519,6.277,6.358,7715.580
2004-05-28,6.465,6.689,6.429,6.492,10517.230
2004-05-31,6.402,6.465,6.358,6.456,2998.300
2004-06-01,6.501,6.519,6.366,6.402,2551.170
2004-06-02,6.429,6.465,6.402,6.447,2347.000
2004-06-03,6.474,6.537,6.411,6.429,4822.540
2004-06-04,6.429,6.519,6.366,6.366,2465.900
2004-06-07,6.259,6.447,6.161,6.447,1990.000
2004-06-08,6.089,6.223,6.089,6.178,2250.900
2004-06-09,5.955,6.169,5.910,6.017,2186.000
2004-06-10,5.910,6.089,5.901,5.910,1443.000
2004-06-14,5.793,6.268,5.731,6.268,2530.500
2004-06-15,5.847,5.865,5.713,5.731,1177.200
2004-06-16,5.910,6.089,5.758,5.847,1273.000
2004-06-17,5.749,5.990,5.462,5.990,1337.000
2004-06-18,5.722,5.811,5.659,5.731,838.380
2004-06-21,5.811,5.811,5.686,5.731,851.100
2004-06-22,5.892,5.972,5.820,5.820,2707.300
2004-06-23,5.865,5.910,5.758,5.820,722.000
2004-06-24,5.910,5.955,5.865,5.910,1333.000
2004-06-25,5.738,5.982,5.693,5.982,1410.810
2004-06-28,5.566,5.874,5.557,5.829,1684.000
2004-06-29,5.603,5.621,5.521,5.557,1127.060
2004-06-30,5.449,5.648,5.449,5.648,1047.810
2004-07-01,5.657,5.693,5.440,5.449,1852.070
2004-07-02,5.594,5.720,5.566,5.720,1057.010
2004-07-05,5.539,5.603,5.512,5.594,732.620
2004-07-06,5.603,5.639,5.557,5.557,1032.000
2004-07-07,5.530,5.603,5.521,5.603,480.000
2004-07-08,5.648,5.657,5.503,5.530,1327.150
2004-07-09,5.585,5.675,5.576,5.630,622.000
2004-07-12,5.449,5.621,5.431,5.585,802.000
2004-07-13,5.485,5.530,5.431,5.458,1262.000
2004-07-14,5.395,5.594,5.313,5.594,1049.500
2004-07-15,4.943,5.693,4.853,5.286,14361.590
2004-07-16,4.970,4.988,4.717,4.934,18640.810
2004-07-19,4.862,4.952,4.816,4.952,6898.350
2004-07-20,4.798,4.862,4.762,4.862,5570.500
2004-07-21,4.816,4.825,4.744,4.744,3850.840
2004-07-22,4.699,4.816,4.681,4.816,3996.610
2004-07-23,4.618,4.699,4.518,4.699,3667.360
2004-07-26,4.491,4.609,4.473,4.609,4199.500
2004-07-27,4.500,4.554,4.446,4.518,2496.880
2004-07-28,4.527,4.563,4.455,4.518,2016.690
2004-07-29,4.609,4.618,4.518,4.563,2931.060
2004-07-30,4.491,4.609,4.482,4.609,3234.500
2004-08-02,4.428,4.473,4.347,4.347,1865.700
2004-08-03,4.410,4.464,4.401,4.428,1396.800
2004-08-04,4.554,4.591,4.392,4.392,4035.880
2004-08-05,4.536,4.572,4.509,4.545,2378.040
2004-08-06,4.509,4.591,4.491,4.536,1636.700
2004-08-09,4.518,4.591,4.509,4.545,2459.460
2004-08-10,4.527,4.563,4.509,4.518,1746.000
2004-08-11,4.473,4.591,4.464,4.591,1265.000
2004-08-12,4.292,4.473,4.256,4.374,3308.000
2004-08-13,4.292,4.347,4.247,4.292,1346.420
2004-08-16,4.148,4.292,4.075,4.292,1978.000
2004-08-17,4.148,4.184,4.030,4.139,2240.550
2004-08-18,4.148,4.202,4.112,4.112,1424.000
2004-08-19,4.057,4.121,4.030,4.112,1578.930
2004-08-20,4.057,4.103,3.976,3.985,2317.510
2004-08-23,4.066,4.075,4.021,4.057,1135.000
2004-08-24,4.193,4.292,4.075,4.075,2691.000
2004-08-25,4.193,4.238,4.130,4.175,1667.930
2004-08-26,4.112,4.211,3.985,4.211,862.000
2004-08-27,4.075,4.121,4.066,4.084,1003.960
2004-08-30,4.175,4.175,4.075,4.103,1073.000
2004-08-31,4.247,4.356,4.229,4.356,2938.010
2004-09-01,4.157,4.247,4.148,4.247,1257.990
2004-09-02,4.247,4.274,4.121,4.121,1118.990
2004-09-03,4.283,4.283,4.211,4.247,2546.540
2004-09-06,4.238,4.292,4.148,4.292,634.000
2004-09-07,4.202,4.229,4.175,4.220,955.880
2004-09-08,4.202,4.229,4.157,4.211,1246.490
2004-09-09,4.139,4.247,4.112,4.211,3219.090
2004-09-10,4.166,4.202,4.112,4.139,985.990
2004-09-13,4.084,4.175,4.075,4.121,1293.600
2004-09-14,4.365,4.491,4.130,4.157,11325.150
2004-09-15,4.591,4.699,4.338,4.347,18032.580
2004-09-16,4.554,4.618,4.491,4.609,8610.780
2004-09-17,4.717,4.726,4.518,4.518,10962.080
2004-09-20,4.916,4.934,4.681,4.744,13044.590
2004-09-21,4.907,4.952,4.780,4.916,10837.380
2004-09-22,4.825,4.916,4.771,4.916,9179.570
2004-09-23,4.916,4.934,4.699,4.835,16326.030
2004-09-24,4.717,4.997,4.699,4.952,12328.000
2004-09-27,4.572,4.807,4.563,4.717,4986.200
2004-09-28,4.600,4.609,4.518,4.581,2376.990
2004-09-29,4.509,4.609,4.482,4.609,2840.890
2004-09-30,4.365,4.545,4.319,4.545,3678.080
2004-10-08,4.473,4.500,4.319,4.419,2401.930
2004-10-11,4.482,4.563,4.464,4.509,3603.990
2004-10-12,4.437,4.518,4.410,4.482,1766.080
2004-10-13,4.356,4.482,4.338,4.392,2301.000
2004-10-14,4.066,4.338,3.976,4.338,3545.640
2004-10-15,4.084,4.166,4.048,4.066,2570.830
2004-10-18,4.066,4.112,4.012,4.112,2923.000
2004-10-19,4.066,4.157,4.057,4.157,1792.000
2004-10-20,4.003,4.121,3.976,4.094,2243.000
2004-10-21,4.075,4.202,4.030,4.048,4762.350
2004-10-22,4.021,4.157,3.886,4.084,4063.950
2004-10-25,3.931,4.075,3.886,4.066,3325.600
2004-10-26,3.813,3.931,3.669,3.904,5920.800
2004-10-27,3.931,3.940,3.714,3.813,3657.200
2004-10-28,3.949,4.021,3.895,3.940,3700.940
2004-10-29,3.786,3.985,3.786,3.904,2600.890
2004-11-02,3.750,3.813,3.723,3.786,2174.490
2004-11-03,3.850,3.877,3.723,3.723,1663.390
2004-11-04,3.768,3.949,3.750,3.868,1869.890
2004-11-05,3.795,3.841,3.768,3.786,1461.500
2004-11-08,3.886,3.922,3.759,3.795,2466.690
2004-11-09,4.103,4.130,3.895,3.895,10124.370
2004-11-10,4.184,4.202,4.012,4.103,11544.050
2004-11-11,4.094,4.211,4.075,4.184,9727.050
2004-11-12,4.075,4.184,4.039,4.112,3776.550
2004-11-15,4.121,4.157,4.066,4.112,2714.000
2004-11-16,4.084,4.175,4.075,4.121,1927.000
2004-11-17,4.084,4.103,4.030,4.084,2502.000
2004-11-18,4.139,4.148,4.066,4.084,3020.800
2004-11-19,4.383,4.491,4.139,4.139,20183.890
2004-11-22,4.482,4.545,4.292,4.374,14073.590
2004-11-23,4.654,4.699,4.392,4.455,18449.280
2004-11-24,4.618,4.663,4.572,4.609,15739.590
2004-11-25,4.428,4.636,4.356,4.581,8482.810
2004-11-26,4.473,4.500,4.410,4.410,3181.700
2004-11-29,4.328,4.554,4.328,4.518,4866.000
2004-11-30,4.383,4.401,4.256,4.328,3323.150
2004-12-01,4.356,4.383,4.310,4.356,1809.990
2004-12-02,4.509,4.536,4.310,4.356,6317.310
2004-12-03,4.961,4.961,4.518,4.518,34378.610
2004-12-06,4.844,5.024,4.726,4.970,22256.100
2004-12-07,4.681,4.835,4.636,4.835,9663.700
2004-12-08,4.690,4.744,4.618,4.663,4984.060
2004-12-09,4.672,4.717,4.627,4.672,4663.440
2004-12-10,4.428,4.672,4.419,4.672,7180.200
2004-12-13,4.256,4.383,4.202,4.356,5739.050
2004-12-14,4.265,4.338,4.229,4.229,2608.730
2004-12-15,4.220,4.274,4.048,4.247,4652.730
2004-12-16,4.202,4.202,4.148,4.202,2210.510
2004-12-17,4.139,4.202,4.094,4.139,2181.510
2004-12-20,4.184,4.202,4.066,4.175,2066.000
2004-12-21,4.283,4.410,4.202,4.202,6327.420
2004-12-22,4.410,4.428,4.247,4.274,4825.830
2004-12-23,4.310,4.428,4.301,4.428,2033.000
2004-12-24,4.310,4.356,4.274,4.310,1210.000
2004-12-27,4.166,4.292,4.130,4.292,1931.040
2004-12-28,4.139,4.193,4.112,4.139,1437.850
2004-12-29,4.094,4.202,4.075,4.112,2295.000
2004-12-31,3.967,4.084,3.958,4.066,2137.000
2005-01-04,3.841,3.967,3.804,3.967,1527.400
2005-01-05,3.940,3.949,3.795,3.850,5554.040
2005-01-06,3.850,3.940,3.813,3.940,3129.000
2005-01-07,3.904,3.913,3.822,3.850,1494.300
2005-01-10,4.012,4.012,3.886,3.967,1922.050
2005-01-11,3.985,4.021,3.949,3.994,2008.000
2005-01-12,3.940,4.003,3.868,4.003,3766.990
2005-01-13,3.940,3.976,3.922,3.940,3144.000
2005-01-14,4.148,4.229,3.904,3.940,14606.860
2005-01-17,4.066,4.094,3.994,4.084,7841.300
2005-01-18,4.157,4.175,3.994,4.048,6452.900
2005-01-19,4.229,4.319,4.084,4.157,9445.830
2005-01-20,4.166,4.247,4.139,4.166,4926.630
2005-01-21,4.103,4.157,3.804,4.130,14364.880
2005-01-24,4.247,4.509,4.148,4.166,28206.990
2005-01-25,4.238,4.274,4.130,4.247,12083.600
2005-01-26,3.976,4.301,3.958,4.193,24402.750
2005-01-27,3.931,4.003,3.868,3.967,7610.980
2005-01-28,3.877,3.958,3.859,3.931,3395.400
2005-01-31,3.786,3.877,3.705,3.841,4801.480
2005-02-01,3.750,3.859,3.732,3.759,2187.500
2005-02-02,3.976,4.021,3.795,3.868,5174.600
2005-02-03,3.850,3.994,3.804,3.994,4266.650
2005-02-04,3.895,3.922,3.813,3.850,3266.660
2005-02-16,3.940,3.976,3.886,3.913,2674.940
2005-02-17,3.931,3.931,3.868,3.931,2036.900
2005-02-18,3.904,3.949,3.886,3.931,962.000
2005-02-21,3.967,4.039,3.904,3.904,1972.390
2005-02-22,4.066,4.066,3.940,3.949,5724.900
2005-02-23,4.048,4.112,4.021,4.084,5749.140
2005-02-24,4.103,4.139,4.021,4.048,5640.000
2005-02-25,4.075,4.166,4.066,4.103,5804.520
2005-02-28,4.048,4.103,3.994,4.075,4403.900
2005-03-01,4.075,4.075,4.003,4.048,2131.480
2005-03-02,4.012,4.112,4.003,4.075,3652.830
2005-03-03,3.958,4.003,3.904,3.976,3138.000
2005-03-04,3.958,4.021,3.940,3.967,2345.100
2005-03-07,3.958,3.994,3.931,3.976,1619.500
2005-03-08,4.030,4.048,3.958,3.967,3553.410
2005-03-09,4.112,4.112,4.012,4.012,6310.100
2005-03-10,4.012,4.184,3.994,4.066,5219.070
2005-03-11,4.021,4.039,3.949,4.021,2948.690
2005-03-14,3.877,4.012,3.841,3.976,7186.370
2005-03-15,3.895,3.958,3.868,3.895,3287.600
2005-03-16,3.904,3.931,3.841,3.859,2771.770
2005-03-17,3.841,3.886,3.804,3.886,1666.000
2005-03-18,3.786,3.850,3.759,3.831,2209.210
2005-03-21,3.741,3.786,3.615,3.786,4237.700
2005-03-22,3.651,3.741,3.651,3.741,4306.000
2005-03-23,3.759,3.786,3.651,3.651,6421.420
2005-03-24,3.868,3.922,3.759,3.777,16641.840
2005-03-25,3.922,3.922,3.795,3.877,5394.550
2005-03-28,3.813,3.913,3.786,3.886,2675.240
2005-03-29,3.868,3.931,3.795,3.822,4180.070
2005-03-30,3.822,3.895,3.822,3.859,4276.000
2005-03-31,3.714,3.822,3.642,3.822,2919.930
2005-04-01,3.868,3.877,3.705,3.714,3109.000
2005-04-04,3.777,3.841,3.624,3.841,2164.470
2005-04-05,3.696,3.777,3.696,3.732,1188.000
2005-04-06,3.750,3.777,3.624,3.705,3519.500
2005-04-07,3.985,4.003,3.714,3.759,11115.450
2005-04-08,3.949,4.066,3.904,4.039,10929.050
2005-04-11,3.958,4.066,3.949,3.958,5347.960
2005-04-12,3.822,3.958,3.813,3.940,4247.000
2005-04-13,3.913,3.931,3.822,3.822,4184.930
2005-04-14,3.904,3.913,3.777,3.777,7457.750
2005-04-15,3.886,3.958,3.831,3.850,4161.800
2005-04-18,4.030,4.084,3.886,3.886,13192.350
2005-04-19,4.057,4.057,3.913,3.994,4612.300
2005-04-20,4.021,4.084,3.994,4.057,8270.550
2005-04-21,3.904,4.021,3.904,4.021,7123.990
2005-04-22,4.229,4.256,3.985,3.985,28037.390
2005-04-25,4.455,4.563,4.066,4.184,51305.290
2005-04-26,4.401,4.554,4.338,4.428,18934.420
2005-04-27,4.473,4.536,4.338,4.383,17979.210
2005-04-28,4.744,4.880,4.482,4.518,24450.920
2005-04-29,4.681,4.789,4.572,4.735,10408.560
2005-05-09,4.518,4.744,4.446,4.699,14041.400
2005-05-10,4.690,4.690,4.473,4.482,21887.960
2005-05-11,4.735,4.816,4.591,4.681,8167.540
2005-05-12,4.835,4.961,4.636,4.636,16788.680
2005-05-13,4.789,4.880,4.708,4.871,6166.240
2005-05-16,4.753,4.825,4.654,4.789,4216.000
2005-05-17,4.762,4.880,4.708,4.717,6714.820
2005-05-18,4.572,4.789,4.509,4.753,15733.300
2005-05-19,4.789,4.798,4.491,4.518,16429.800
2005-05-20,4.726,4.825,4.717,4.735,8197.000
2005-05-23,4.609,4.690,4.527,4.527,9854.940
2005-05-24,4.780,4.789,4.572,4.581,5043.620
2005-05-25,4.798,4.880,4.708,4.753,10024.190
2005-05-26,4.636,4.844,4.563,4.789,9886.520
2005-05-27,4.581,4.699,4.572,4.627,5103.230
2005-05-30,4.509,4.600,4.428,4.581,5852.990
2005-05-31,4.401,4.563,4.356,4.536,4963.000
2005-06-01,4.428,4.455,4.256,4.347,3407.290
2005-06-02,4.383,4.428,4.347,4.428,1520.000
2005-06-03,4.446,4.473,4.338,4.383,2276.670
2005-06-06,4.428,4.509,4.356,4.446,4266.100
2005-06-07,4.500,4.545,4.383,4.428,8826.750
2005-06-08,4.835,4.871,4.518,4.518,11874.410
2005-06-09,4.925,4.925,4.663,4.844,14545.170
2005-06-10,4.871,4.952,4.807,4.943,7679.500
2005-06-13,4.880,4.925,4.789,4.789,4445.690
2005-06-14,4.925,5.142,4.880,4.880,16057.600
2005-06-15,4.871,4.943,4.798,4.925,8505.380
2005-06-16,4.825,4.862,4.708,4.844,4220.500
2005-06-17,4.816,4.970,4.753,4.835,6284.400
2005-06-20,5.033,5.051,4.735,4.835,9577.610
2005-06-21,5.060,5.115,4.970,5.024,7882.000
2005-06-22,5.006,5.223,4.952,5.060,10148.490
2005-06-23,4.898,5.033,4.898,4.952,4419.000
2005-06-24,4.925,5.151,4.880,4.925,4211.030
2005-06-27,5.106,5.142,4.925,4.925,8647.690
2005-06-28,4.988,5.169,4.889,5.060,7833.010
2005-06-29,4.961,5.151,4.934,5.015,3731.200
2005-07-01,4.645,4.853,4.518,4.780,7332.500
2005-07-04,4.509,4.654,4.428,4.554,3738.090
2005-07-05,4.509,4.609,4.428,4.437,2383.740
2005-07-06,4.581,4.591,4.473,4.518,2372.830
2005-07-07,4.518,4.636,4.500,4.581,3786.110
2005-07-08,4.518,4.563,4.247,4.491,4288.090
2005-07-11,4.455,4.663,4.428,4.428,2177.000
2005-07-12,4.681,4.699,4.383,4.383,4600.990
2005-07-13,4.681,4.744,4.636,4.654,3023.940
2005-07-14,4.663,4.717,4.636,4.636,1368.700
2005-07-15,4.509,4.663,4.428,4.663,2550.010
2005-07-18,4.428,4.509,4.410,4.509,2454.650
2005-07-19,4.428,4.473,4.355,4.428,2459.900
2005-07-20,4.428,4.491,4.374,4.410,2753.690
2005-07-21,4.319,4.473,4.265,4.401,5103.440
2005-07-22,4.419,4.519,4.319,4.319,4118.750
2005-07-25,4.555,4.582,4.401,4.419,3289.750
2005-07-26,4.682,4.736,4.491,4.582,6650.000
2005-07-27,4.709,4.736,4.600,4.709,3373.700
2005-07-28,4.664,4.727,4.637,4.682,4650.800
2005-07-29,4.727,4.755,4.655,4.664,5599.960
2005-08-01,4.718,4.854,4.682,4.854,3355.000
2005-08-02,4.800,4.827,4.700,4.718,3208.280
2005-08-03,4.773,4.900,4.773,4.809,4287.000
2005-08-04,4.673,4.755,4.637,4.736,5704.510
2005-08-05,4.863,4.891,4.655,4.673,3873.000
2005-08-08,4.909,5.009,4.818,4.891,8608.640
2005-08-09,4.909,4.918,4.845,4.909,3482.010
2005-08-10,4.845,4.945,4.764,4.927,7533.970
2005-08-11,5.054,5.063,4.845,4.845,12768.890
2005-08-12,5.000,5.154,4.882,5.081,15100.320
2005-08-15,5.145,5.226,5.000,5.226,13961.140
2005-08-16,5.535,5.662,5.172,5.172,44634.760
2005-08-17,5.798,5.970,5.490,5.562,46886.710
2005-08-18,5.399,5.989,5.353,5.798,30761.470
2005-08-19,5.716,5.789,5.399,5.399,26776.880
2005-08-22,5.707,5.744,5.580,5.671,9994.680
2005-08-23,5.635,5.916,5.617,5.807,16157.420
2005-08-24,5.753,5.762,5.571,5.689,13205.300
2005-08-25,5.771,5.807,5.680,5.807,11424.560
2005-08-26,5.662,5.798,5.580,5.771,10767.050
2005-08-29,5.834,5.862,5.608,5.626,13250.660
2005-08-30,5.735,5.798,5.680,5.798,5520.540
2005-08-31,5.580,5.716,5.490,5.671,16391.990
2005-09-01,5.662,5.716,5.517,5.562,11615.330
2005-09-02,5.716,5.789,5.608,5.698,9045.650
2005-09-05,5.934,6.016,5.716,5.716,19270.460
2005-09-06,5.798,6.152,5.725,5.916,13680.900
2005-09-07,5.961,5.970,5.725,5.798,10180.210
2005-09-08,5.943,6.025,5.871,5.989,8069.720
2005-09-09,5.816,5.943,5.789,5.943,6555.290
2005-09-12,5.735,5.843,5.680,5.798,7970.050
2005-09-13,5.998,6.007,5.735,5.735,12324.680
2005-09-14,6.215,6.243,6.034,6.088,25131.820
2005-09-15,6.215,6.433,6.215,6.243,18023.990
2005-09-19,6.197,6.243,6.098,6.215,7649.850
2005-09-20,6.098,6.206,6.016,6.206,9690.760
2005-09-21,5.970,6.215,5.970,6.098,7467.000
2005-09-22,5.780,5.970,5.617,5.943,13048.670
2005-09-23,5.735,5.834,5.716,5.762,6053.990
2005-09-26,5.698,5.771,5.644,5.662,4457.530
2005-09-27,5.771,5.871,5.716,5.789,16208.120
2005-09-28,5.853,5.916,5.716,5.716,6770.690
2005-09-29,6.025,6.025,5.853,5.853,8502.250
2005-09-30,6.061,6.134,5.970,6.034,8161.100
2005-10-10,5.862,6.043,5.807,6.043,4741.640
2005-10-11,5.952,5.961,5.807,5.853,2894.080
2005-10-12,6.043,6.098,5.898,6.034,5383.330
2005-10-13,6.125,6.261,5.998,6.052,11699.870
2005-10-14,6.116,6.225,5.989,5.989,10095.300
2005-10-17,6.215,6.215,6.088,6.170,10858.340
2005-10-18,6.361,6.388,6.215,6.215,15509.900
2005-10-19,6.125,6.370,6.088,6.352,10002.000
2005-10-20,6.197,6.206,6.034,6.143,4498.520
2005-10-21,6.406,6.488,6.170,6.215,14866.720
2005-10-24,6.470,6.506,6.333,6.442,10120.710
2005-10-25,6.215,6.488,6.197,6.470,8765.040
2005-10-26,5.898,6.170,5.807,6.170,8424.760
2005-10-27,6.079,6.079,5.834,5.889,6793.970
2005-10-28,5.880,6.079,5.780,6.079,5042.290
2005-10-31,5.789,5.880,5.644,5.862,11256.510
2005-11-01,5.780,5.789,5.680,5.789,5076.690
2005-11-02,5.934,6.025,5.789,5.880,4997.500
2005-11-03,5.771,5.989,5.762,5.934,3811.490
2005-11-04,5.653,5.762,5.535,5.744,5403.090
2005-11-07,5.798,5.807,5.544,5.662,3177.990
2005-11-08,5.807,5.862,5.725,5.825,3215.170
2005-11-09,5.753,5.816,5.707,5.807,1978.990
2005-11-10,5.762,5.816,5.653,5.716,9253.370
2005-11-11,5.608,5.762,5.580,5.744,4269.000
2005-11-14,5.499,5.653,5.453,5.571,4020.190
2005-11-15,5.426,5.553,5.308,5.453,4449.230
2005-11-16,5.444,5.444,5.317,5.381,2554.500
2005-11-17,5.653,5.753,5.444,5.444,6702.630
2005-11-18,5.716,5.780,5.617,5.698,3529.870
2005-11-21,5.853,5.934,5.725,5.762,7512.690
2005-11-22,5.635,5.853,5.626,5.853,3271.790
2005-11-23,5.698,5.725,5.671,5.707,774.880
2005-11-24,5.834,5.862,5.716,5.789,4341.970
2005-11-25,5.762,5.807,5.716,5.807,2785.180
2005-11-28,5.580,5.825,5.544,5.807,2303.110
2005-11-29,5.626,5.680,5.580,5.580,2461.000
2005-11-30,5.671,5.680,5.535,5.626,3056.100
2005-12-01,5.580,5.671,5.118,5.118,1608.160
2005-12-02,5.535,5.626,5.508,5.589,1187.370
2005-12-05,5.263,5.535,5.226,5.535,4047.600
2005-12-06,5.272,5.290,5.154,5.190,5209.330
2005-12-07,5.399,5.408,5.172,5.245,3176.470
2005-12-08,5.444,5.490,5.363,5.399,2153.000
2005-12-09,5.499,5.517,5.317,5.444,2880.500
2005-12-12,5.508,5.535,5.435,5.526,4052.300
2005-12-13,5.490,5.490,5.381,5.490,1711.200
2005-12-14,5.580,5.653,5.499,5.571,2024.760
2005-12-15,5.535,5.653,5.526,5.589,3973.200
2005-12-16,5.535,5.598,5.444,5.580,3803.660
2005-12-19,5.580,5.589,5.399,5.508,3039.150
2005-12-20,5.517,5.562,5.444,5.562,1205.100
2005-12-21,5.408,5.535,5.399,5.453,3647.000
2005-12-22,5.444,5.480,5.335,5.390,3873.260
2005-12-23,5.553,5.589,5.426,5.435,4296.900
2005-12-26,5.617,5.644,5.535,5.553,7098.340
2005-12-27,5.716,5.735,5.608,5.626,4474.070
2005-12-28,5.725,5.744,5.671,5.725,3671.050
2005-12-29,5.725,5.780,5.626,5.780,11011.710
2005-12-30,5.680,5.725,5.608,5.716,6715.420
2006-01-04,5.780,5.789,5.544,5.680,7729.090
2006-01-05,5.943,5.989,5.762,5.780,10859.280
2006-01-06,6.143,6.261,5.880,5.943,21586.190
2006-01-09,6.170,6.206,6.034,6.143,11228.160
2006-01-10,6.161,6.188,6.061,6.170,5025.760
2006-01-11,5.980,6.161,5.952,6.161,9868.770
2006-01-12,6.188,6.215,5.943,5.970,7113.670
2006-01-13,6.161,6.215,6.061,6.179,6996.380
2006-01-16,5.907,6.161,5.898,6.161,4794.700
2006-01-17,5.889,5.943,5.825,5.889,6259.000
2006-01-18,6.134,6.152,5.834,5.943,13494.640
2006-01-19,6.415,6.442,6.243,6.306,28889.640
2006-01-20,6.424,6.606,6.397,6.415,23456.200
2006-01-23,6.542,6.624,6.333,6.415,16042.750
2006-01-24,6.424,6.533,6.415,6.524,11017.000
2006-01-25,6.352,6.460,6.243,6.415,12953.690
2006-02-06,6.388,6.533,6.342,6.361,24457.760
2006-02-07,6.333,6.406,6.252,6.388,15950.560
2006-02-08,6.506,6.515,6.261,6.261,14649.380
2006-02-09,6.470,6.696,6.442,6.515,35833.780
2006-02-10,6.615,6.642,6.451,6.460,24636.590
2006-02-13,6.715,6.715,6.542,6.624,16246.130
2006-02-14,6.742,6.978,6.715,6.760,31830.300
2006-02-15,6.796,6.959,6.724,6.751,20482.100
2006-02-16,6.470,6.805,6.442,6.787,23090.350
2006-02-17,6.433,6.560,6.379,6.424,11782.630
2006-02-20,6.397,6.479,6.361,6.433,9098.180
2006-02-21,6.488,6.488,6.370,6.370,9248.340
2006-02-22,6.460,6.515,6.406,6.451,6284.570
2006-02-23,6.370,6.460,6.333,6.424,7548.850
2006-02-24,6.361,6.433,6.342,6.370,9507.010
2006-02-27,6.206,6.370,6.170,6.361,12492.500
2006-02-28,6.215,6.261,6.016,6.206,13072.500
2006-03-01,6.234,6.297,6.170,6.170,12159.000
2006-03-02,6.188,6.442,6.170,6.234,10472.100
2006-03-03,6.125,6.243,6.034,6.188,8922.880
2006-03-27,6.152,6.406,6.016,6.406,17766.500
2006-03-28,6.288,6.342,6.134,6.134,28863.090
2006-03-29,6.460,6.515,6.261,6.279,30578.450
2006-04-24,5.735,6.079,5.562,6.043,113944.250
2006-04-25,5.499,5.653,5.435,5.653,30554.710
2006-04-26,5.780,5.780,5.372,5.490,35371.010
2006-04-27,5.689,5.898,5.580,5.789,21413.130
2006-04-28,6.007,6.034,5.444,5.589,35881.440
2006-05-08,6.397,6.606,5.862,6.061,63152.950
2006-05-09,6.460,6.715,6.261,6.397,37952.590
2006-05-10,6.678,6.878,6.288,6.470,53995.760
2006-05-11,6.388,6.878,6.370,6.624,42479.240
2006-05-12,6.578,6.642,6.306,6.352,35817.340
2006-05-15,6.515,6.715,6.333,6.533,74228.160
2006-05-16,7.077,7.168,6.352,6.488,98698.390
2006-05-17,6.941,7.059,6.805,7.032,34814.900
2006-05-18,6.978,6.996,6.760,6.941,23368.120
2006-05-19,7.123,7.332,6.987,6.987,41055.830
2006-05-22,7.141,7.332,7.077,7.123,28768.880
2006-05-23,6.506,7.132,6.460,7.132,33735.960
2006-05-24,6.261,6.715,6.125,6.488,23348.330
2006-05-25,6.261,6.406,6.079,6.079,20547.800
2006-05-26,6.270,6.433,6.252,6.261,19371.000
2006-05-29,6.524,6.615,6.261,6.333,19939.030
2006-05-30,6.533,6.615,6.442,6.524,16197.660
2006-05-31,6.261,6.533,6.215,6.497,31998.590
2006-06-01,6.342,6.388,6.215,6.252,30278.850
2006-06-02,6.333,6.506,6.270,6.397,26239.580
2006-06-05,6.515,6.524,6.215,6.333,21346.470
2006-06-06,6.370,6.488,6.361,6.488,17380.500
2006-06-07,5.925,6.361,5.916,6.352,29411.000
2006-06-08,5.807,5.898,5.680,5.898,18917.920
2006-06-09,5.871,5.889,5.716,5.834,16149.970
2006-06-12,5.843,5.853,5.735,5.834,9844.070
2006-06-13,5.744,5.880,5.725,5.744,11274.800
2006-06-14,5.453,5.735,5.444,5.716,14900.000
2006-06-16,5.998,5.998,5.490,5.490,10750.070
2006-06-19,6.388,6.597,6.088,6.088,75179.670
2006-06-20,6.406,6.470,6.270,6.352,19204.790
2006-06-21,6.361,6.415,6.288,6.406,17279.200
2006-06-22,6.352,6.433,6.215,6.352,11721.200
2006-06-23,6.451,6.497,6.234,6.333,20891.840
2006-06-26,6.696,6.760,6.442,6.442,30134.920
2006-06-27,6.578,6.851,6.551,6.796,19083.380
2006-06-28,6.587,6.606,6.333,6.578,15485.810
2006-06-29,6.633,6.769,6.587,6.587,23860.790
2006-06-30,6.688,6.715,6.560,6.660,18810.580
2006-07-03,6.688,6.715,6.615,6.651,18365.240
2006-07-04,6.780,6.944,6.697,6.706,25846.120
2006-07-05,6.560,6.844,6.496,6.780,17784.610
2006-07-06,6.734,6.761,6.569,6.569,15472.250
2006-07-07,6.596,6.743,6.569,6.734,13723.000
2006-07-10,6.587,6.624,6.514,6.587,10536.270
2006-07-11,6.633,6.715,6.532,6.560,12530.900
2006-07-12,6.596,6.651,6.441,6.633,14787.120
2006-07-13,6.111,6.596,6.102,6.596,18751.900
2006-07-14,6.184,6.303,5.973,6.047,8340.460
2006-07-17,6.496,6.505,6.065,6.175,13274.360
2006-07-18,6.679,6.688,6.376,6.496,21263.460
2006-07-19,6.505,6.642,6.441,6.642,9120.630
2006-07-20,6.541,6.569,6.413,6.505,5553.410
2006-07-21,6.505,6.578,6.468,6.541,4573.480
2006-07-24,6.422,6.477,6.230,6.459,4880.300
2006-07-25,6.651,6.734,6.422,6.459,18715.620
2006-07-26,6.981,7.128,6.670,6.734,57710.890
2006-07-27,6.899,7.146,6.743,6.954,30331.530
2006-07-28,7.283,7.467,6.844,6.853,102944.150
2006-07-31,7.265,7.650,7.146,7.256,58925.830
2006-08-01,6.990,7.375,6.697,7.192,32231.290
2006-08-02,7.458,7.467,6.871,6.963,50394.620
2006-08-03,7.448,7.861,7.329,7.494,78975.780
2006-08-04,7.357,7.586,7.192,7.338,46104.850
2006-08-07,7.595,7.787,7.283,7.558,44989.320
2006-08-08,7.659,8.053,7.558,7.604,70532.120
2006-08-09,7.925,7.952,7.357,7.696,49658.320
2006-08-10,7.714,7.870,7.595,7.833,49376.040
2006-08-11,7.577,7.769,7.403,7.696,44188.730
2006-08-14,7.229,7.632,7.064,7.421,57175.850
2006-08-15,7.247,7.256,6.935,7.100,48083.870
2006-08-16,7.439,7.448,6.999,7.183,70699.730
2006-08-17,7.558,7.659,7.357,7.439,61230.470
2006-08-18,7.403,7.586,7.384,7.540,30216.700
2006-08-21,7.458,7.494,6.963,7.036,27676.120
2006-08-22,7.558,7.622,7.329,7.458,33382.170
2006-08-23,7.503,7.687,7.430,7.531,30106.810
2006-08-24,7.467,7.513,7.311,7.430,18977.490
2006-08-25,7.366,7.494,7.357,7.467,16807.860
2006-08-28,7.567,7.622,7.256,7.348,43864.150
2006-08-29,7.687,7.787,7.522,7.549,62885.650
2006-08-30,7.604,7.714,7.586,7.659,32121.760
2006-08-31,7.494,7.687,7.403,7.632,31777.150
2006-09-01,7.338,7.577,7.329,7.494,24387.490
2006-09-04,7.366,7.412,7.155,7.311,27282.630
2006-09-05,7.210,7.338,7.064,7.329,45623.290
2006-09-06,7.265,7.283,7.100,7.192,19735.600
2006-09-07,7.091,7.265,7.054,7.219,22991.400
2006-09-08,7.164,7.293,7.091,7.091,13608.980
2006-09-11,7.164,7.265,7.018,7.164,14038.640
2006-09-12,7.210,7.256,7.146,7.174,16407.180
2006-09-13,6.999,7.283,6.972,7.219,33525.720
2006-09-14,6.816,7.036,6.743,6.963,37634.680
2006-09-15,7.036,7.054,6.780,6.862,28241.450
2006-09-18,7.045,7.082,6.880,7.036,21556.250
2006-09-19,7.146,7.164,6.981,7.054,20514.430
2006-09-20,7.329,7.329,7.091,7.238,47790.290
2006-09-21,7.302,7.393,7.229,7.329,28620.180
2006-09-22,7.137,7.348,7.119,7.311,15821.460
2006-09-25,7.458,7.558,6.963,7.100,26506.570
2006-09-26,7.458,7.494,7.238,7.421,31585.810
2006-09-27,7.448,7.540,7.393,7.467,54506.190
2006-09-28,7.439,7.531,7.366,7.448,29787.630
2006-09-29,7.412,7.513,7.366,7.467,34799.630
2006-10-09,7.622,7.659,7.375,7.430,38409.040
2006-10-10,7.540,7.641,7.430,7.622,36701.590
2006-10-11,7.448,7.522,7.311,7.522,36256.710
2006-10-12,7.448,7.476,7.357,7.421,21687.130
2006-10-13,7.806,7.833,7.494,7.513,143725.520
2006-10-16,7.797,7.998,7.696,7.833,55308.170
2006-10-17,7.659,7.787,7.622,7.769,27680.710
2006-10-18,7.705,7.769,7.586,7.696,17528.800
2006-10-19,7.888,7.934,7.613,7.687,83287.680
2006-10-20,7.677,7.971,7.650,7.906,52593.880
2006-10-23,7.247,7.696,7.100,7.677,71919.260
2006-10-24,7.366,7.412,7.155,7.219,28459.120
2006-10-25,7.238,7.375,7.146,7.348,27595.400
2006-10-26,7.238,7.302,7.174,7.238,12242.460
2006-10-27,7.027,7.247,6.944,7.247,27216.510
2006-10-30,7.109,7.146,7.009,7.018,8634.360
2006-10-31,7.128,7.164,7.018,7.119,13190.640
2006-11-01,7.009,7.146,6.972,7.137,20759.670
2006-11-02,7.100,7.137,7.009,7.009,14668.420
2006-11-03,7.155,7.192,7.073,7.137,16448.200
2006-11-06,7.128,7.265,7.109,7.146,14521.100
2006-11-07,6.880,7.137,6.780,7.137,30765.450
2006-11-08,6.844,6.935,6.780,6.862,11159.280
2006-11-09,6.890,6.917,6.798,6.853,12967.470
2006-11-10,6.660,6.944,6.606,6.890,21652.000
2006-11-13,6.303,6.706,6.230,6.615,18009.100
2006-11-14,6.340,6.422,6.120,6.303,15071.980
2006-11-15,6.532,6.560,6.340,6.340,15206.090
2006-11-16,6.312,6.523,6.285,6.523,19530.850
2006-11-17,6.523,6.670,6.257,6.257,24751.690
2006-11-20,6.551,6.697,6.486,6.532,17742.100
2006-11-21,6.606,6.670,6.523,6.551,13298.870
2006-11-22,6.596,6.679,6.477,6.606,21199.100
2006-11-23,6.505,6.633,6.468,6.596,17730.590
2006-11-24,6.551,6.560,6.441,6.523,21191.950
2006-11-27,6.734,6.743,6.551,6.551,25152.980
2006-11-28,6.816,6.899,6.743,6.789,34800.590
2006-11-29,6.944,6.972,6.596,6.798,37750.890
2006-11-30,6.890,6.963,6.853,6.954,27768.250
2006-12-01,6.807,6.917,6.761,6.899,27522.610
2006-12-04,6.963,6.981,6.743,6.798,31739.000
2006-12-05,6.871,6.999,6.816,6.963,33647.090
2006-12-06,6.706,6.935,6.569,6.871,28867.200
2006-12-07,6.798,6.890,6.670,6.706,28687.440
2006-12-08,6.725,6.908,6.642,6.715,22398.940
2006-12-11,6.890,6.899,6.651,6.688,20042.150
2006-12-12,7.146,7.265,6.890,6.944,55643.970
2006-12-13,7.036,7.128,6.926,7.128,22224.200
2006-12-14,7.100,7.100,6.944,7.100,31238.770
2006-12-15,7.027,7.164,6.972,7.146,23332.120
2006-12-18,7.283,7.311,7.045,7.045,51204.730
2006-12-19,7.302,7.366,7.137,7.329,31304.900
2006-12-20,7.467,7.586,7.146,7.247,42597.980
2006-12-21,7.357,7.622,7.329,7.467,28733.190
2006-12-22,7.201,7.384,7.146,7.265,24990.670
2006-12-25,7.293,7.494,7.201,7.201,27465.000
2006-12-26,7.119,7.357,7.054,7.247,17944.380
2006-12-27,7.146,7.329,7.109,7.109,20607.110
2006-12-28,6.990,7.357,6.963,7.146,18508.170
2006-12-29,7.064,7.164,7.009,7.009,23560.070
2007-01-04,7.201,7.467,7.146,7.210,30526.470
2007-01-05,7.540,7.650,7.146,7.174,38866.280
2007-01-08,8.291,8.291,7.412,7.421,78972.570
2007-01-09,8.328,8.420,8.126,8.255,51139.270
2007-01-10,8.740,8.768,8.154,8.300,51079.210
2007-01-11,9.152,9.491,8.557,8.740,57130.410
2007-01-12,9.464,9.895,8.896,9.052,70013.310
2007-01-15,10.408,10.408,9.345,9.611,84360.570
2007-01-16,10.985,10.994,10.151,10.591,59520.480
2007-01-17,10.224,10.957,10.124,10.957,39376.580
2007-01-18,10.829,10.838,9.968,10.105,57769.190
2007-01-19,10.783,11.195,10.554,10.930,39047.850
2007-01-22,11.351,11.360,10.536,10.792,42753.430
2007-01-23,11.415,11.855,10.985,11.379,78585.680
2007-01-24,10.820,11.269,10.637,11.269,58745.140
2007-01-25,9.794,10.802,9.739,10.719,57158.250
2007-01-26,10.664,10.774,9.446,9.693,65856.390
2007-01-30,10.490,11.718,10.444,11.269,55849.080
2007-01-31,10.472,11.086,10.307,10.536,48054.920
2007-02-01,11.360,11.452,10.463,10.472,85168.050
2007-02-02,10.847,11.800,10.710,11.544,57983.280
2007-02-05,10.893,11.168,10.637,10.719,22346.760
2007-02-06,10.710,10.994,10.243,10.902,23628.590
2007-02-07,10.426,10.957,10.353,10.728,47831.600
2007-02-08,10.490,10.838,10.380,10.490,35305.060
2007-02-09,10.160,10.517,10.069,10.517,36073.650
2007-02-12,10.334,10.426,10.078,10.188,34822.050
2007-02-13,10.765,10.847,10.398,10.426,34110.370
2007-02-14,11.031,11.214,10.710,10.792,42218.700
2007-02-15,11.177,11.223,10.966,11.086,46944.550
2007-02-16,11.828,12.176,11.177,11.269,65157.810
2007-02-26,12.231,12.258,11.544,11.928,49714.150
2007-02-27,11.012,12.286,11.012,12.286,57478.410
2007-02-28,11.040,11.241,10.261,10.692,41540.610
2007-03-01,10.307,11.040,10.169,11.040,38859.160
2007-03-02,10.435,10.572,10.078,10.261,16424.380
2007-03-05,10.353,10.563,9.895,10.536,25038.720
2007-03-06,10.316,10.472,10.059,10.261,12533.320
2007-03-07,10.627,10.627,10.316,10.316,17647.940
2007-03-08,10.765,10.838,10.490,10.609,23499.680
2007-03-09,10.527,10.838,10.353,10.774,28157.990
2007-03-12,10.389,10.536,10.096,10.408,39233.370
2007-03-13,10.692,10.737,10.316,10.490,41915.450
2007-03-14,10.444,10.591,10.243,10.591,25572.460
2007-03-15,10.829,10.884,10.398,10.417,57429.720
2007-03-16,11.104,11.159,10.692,10.994,62658.470
2007-03-19,11.186,11.608,10.591,10.765,50020.760
2007-03-20,11.489,11.498,11.003,11.223,63740.240
2007-03-21,11.232,11.635,10.994,11.562,78360.250
2007-03-22,10.994,11.342,10.911,11.269,56336.710
2007-03-23,11.140,11.177,10.811,10.994,34317.000
2007-03-26,11.296,11.315,11.058,11.140,50443.900
2007-03-27,11.608,11.617,11.278,11.278,64523.710
2007-03-28,11.241,11.635,10.884,11.617,57214.900
2007-03-29,10.811,11.315,10.536,11.195,42543.170
2007-03-30,10.637,10.792,10.545,10.765,49061.650
2007-04-03,11.699,11.699,10.930,10.948,67362.450
2007-04-04,11.699,12.258,11.644,12.240,147590.910
2007-04-05,11.626,11.718,11.342,11.718,63338.840
2007-04-06,11.553,11.809,11.360,11.452,48524.750
2007-04-09,11.956,12.002,11.571,11.736,89540.230
2007-04-10,11.773,12.066,11.571,12.002,81431.300
2007-04-11,11.974,12.002,11.434,11.782,74482.300
2007-04-12,12.258,12.258,11.708,12.047,114745.170
2007-04-13,12.176,12.826,11.947,12.249,109494.470
2007-04-16,12.478,12.597,12.231,12.231,67400.300
2007-04-17,12.441,12.826,11.965,12.826,87687.080
2007-04-18,13.147,13.367,12.432,12.432,105985.000
2007-04-19,12.130,13.211,11.837,13.193,76769.350
2007-04-20,12.542,12.661,12.185,12.277,72702.440
2007-04-23,12.945,13.009,12.579,12.643,97716.230
2007-04-24,13.422,13.532,12.716,12.945,117352.270
2007-04-25,13.587,14.008,13.468,13.522,124348.700
2007-04-26,13.468,13.971,13.376,13.861,62770.550
2007-04-27,13.110,13.468,12.991,13.468,53278.420
2007-04-30,13.156,13.495,13.083,13.110,56206.310
2007-05-08,13.953,13.981,13.037,13.468,102012.440
2007-05-09,13.889,14.017,13.284,13.981,101983.970
2007-05-10,13.797,14.365,13.651,13.944,103049.690
2007-05-11,13.385,13.605,13.101,13.486,75003.990
2007-05-14,13.293,13.513,12.982,13.229,52851.110
2007-05-15,12.579,13.376,12.506,13.293,63354.120
2007-05-16,12.735,12.780,12.286,12.515,48712.840
2007-05-17,13.037,13.284,12.826,12.826,54890.980
2007-05-18,12.918,13.184,12.909,13.055,48988.360
2007-05-21,12.918,13.193,12.295,12.441,55938.570
2007-05-22,13.495,13.550,12.964,12.964,90384.370
2007-05-23,13.651,13.806,13.431,13.495,90718.180
2007-05-24,13.119,13.825,12.826,13.651,82246.780
2007-05-25,13.119,13.303,12.982,13.009,68456.460
2007-05-28,13.779,13.944,13.238,13.238,131754.240
2007-05-29,14.567,14.979,13.605,13.742,146462.590
2007-05-30,13.110,14.109,13.110,13.559,103616.450
2007-05-31,12.725,13.110,11.800,12.881,83318.240
2007-06-01,13.440,13.468,12.212,12.643,114988.550
2007-06-04,12.542,14.063,12.368,13.834,194273.030
2007-06-05,12.625,12.643,11.287,11.727,111788.420
2007-06-06,12.854,13.174,11.736,12.551,77437.570
2007-06-07,13.413,13.651,12.652,12.771,93817.780
2007-06-08,14.320,14.649,13.193,13.431,161018.460
2007-06-11,14.833,15.007,14.200,14.640,186104.580
2007-06-12,14.924,15.254,14.145,14.888,148523.270
2007-06-13,14.988,15.373,14.659,14.979,123529.610
2007-06-14,14.292,14.970,14.210,14.659,90620.690
2007-06-18,14.814,15.071,14.384,14.549,81971.060
2007-06-19,15.740,15.850,14.842,14.970,142439.640
2007-06-20,14.796,15.831,14.613,15.822,90188.370
2007-06-21,14.494,15.117,14.017,14.594,80749.040
2007-06-22,13.458,14.585,13.046,14.475,69889.170
2007-06-25,12.112,13.678,12.112,13.293,64935.610
2007-06-26,12.735,12.762,11.727,11.763,56138.080
2007-06-27,12.964,13.101,12.643,12.826,44471.480
2007-06-28,11.791,12.964,11.754,12.954,54853.690
2007-06-29,11.150,11.727,10.829,11.434,53784.410
2007-07-02,11.454,11.528,10.938,11.159,23900.670
2007-07-03,11.676,11.694,11.325,11.593,21406.880
2007-07-04,11.224,11.731,11.159,11.713,17560.020
2007-07-05,10.126,11.141,10.099,11.113,34218.350
2007-07-06,10.827,10.873,9.960,10.126,45577.790
2007-07-09,11.159,11.344,10.882,10.929,35218.160
2007-07-10,10.652,11.205,10.643,11.159,28594.740
2007-07-11,10.975,11.187,10.421,10.606,24257.500
2007-07-12,11.012,11.205,10.698,11.067,23565.390
2007-07-13,10.836,11.113,10.606,11.067,23280.480
2007-07-16,10.744,11.141,10.606,10.836,18829.700
2007-07-17,10.956,11.113,10.615,10.698,16350.760
2007-07-18,11.334,11.390,10.929,10.975,39569.890
2007-07-19,11.131,11.362,11.067,11.362,15287.290
2007-07-20,11.473,11.574,11.067,11.224,31290.830
2007-07-23,12.008,12.109,11.473,11.528,50815.880
2007-07-24,11.823,12.330,11.805,12.081,53392.400
2007-07-25,12.072,12.164,11.703,11.759,30241.720
2007-07-26,12.413,12.543,12.091,12.091,39826.290
2007-07-27,12.469,12.543,12.174,12.358,33685.550
2007-07-30,12.911,13.105,12.524,12.524,41395.550
2007-07-31,13.373,13.456,12.441,12.893,51164.240
2007-08-01,12.284,13.363,12.266,13.271,52615.140
2007-08-02,12.552,12.773,12.100,12.404,36131.240
2007-08-03,12.690,12.893,12.552,12.552,38381.900
2007-08-06,12.736,12.884,12.589,12.819,40196.300
2007-08-07,13.142,13.354,12.875,12.884,64923.540
2007-08-08,12.579,13.142,12.413,13.142,29221.560
2007-08-09,12.404,12.672,12.340,12.450,29251.930
2007-08-10,12.035,12.404,11.897,12.404,26923.100
2007-08-13,12.045,12.229,11.832,12.035,23928.650
2007-08-14,12.349,12.441,12.081,12.174,24997.920
2007-08-15,12.201,12.487,11.860,12.330,18092.480
2007-08-16,12.404,12.524,11.897,12.183,21890.910
2007-08-17,12.386,12.875,12.340,12.709,35955.070
2007-08-20,13.068,13.096,12.616,12.616,57892.880
2007-08-21,13.050,13.262,12.709,13.234,70911.850
2007-08-22,13.142,13.465,12.727,12.911,63029.270
2007-08-23,14.092,14.295,13.243,13.243,102450.270
2007-08-24,13.871,14.138,13.649,14.110,60728.940
2007-08-27,13.815,14.018,13.695,13.990,58345.410
2007-08-28,13.861,14.018,13.373,13.741,53959.500
2007-08-29,13.142,13.926,12.911,13.649,41133.380
2007-08-30,13.373,13.640,13.105,13.373,43234.180
2007-08-31,13.622,13.972,13.557,13.649,41146.670
2007-09-03,14.461,14.479,13.926,14.203,88039.760
2007-09-05,13.824,14.120,13.741,13.843,37179.720
2007-09-06,13.926,14.101,13.824,13.852,43751.250
2007-09-07,13.373,13.898,13.354,13.898,56756.020
2007-09-10,13.456,13.511,12.967,13.326,38039.590
2007-09-11,12.543,13.465,12.109,13.456,56615.600
2007-09-12,12.709,12.819,12.450,12.496,29439.310
2007-09-13,12.690,12.718,12.450,12.635,26517.370
2007-09-14,13.004,13.050,12.506,12.699,28551.920
2007-09-17,13.280,13.465,12.911,13.022,46249.190
2007-09-18,13.400,13.539,13.197,13.373,46741.050
2007-09-19,13.041,13.529,13.022,13.446,32811.360
2007-09-20,13.234,13.326,12.819,13.077,34186.530
2007-09-21,13.852,13.972,12.921,13.271,84060.170
2007-09-24,14.184,14.295,13.373,13.889,100519.430
2007-09-25,13.843,14.442,13.732,14.387,79259.150
2007-09-26,14.295,14.562,14.018,14.018,99384.350
2007-09-27,14.212,14.571,14.046,14.322,66040.260
2007-09-28,14.332,14.544,14.156,14.295,80332.970
2007-10-08,14.110,14.839,14.037,14.756,55015.420
2007-10-09,13.926,14.295,13.889,14.101,59419.800
2007-10-10,14.000,14.286,13.649,13.981,72320.450
2007-10-11,13.815,14.249,13.751,14.073,56558.270
2007-10-12,13.566,14.101,13.013,13.797,74767.120
2007-10-15,13.207,13.548,12.792,13.539,39634.280
2007-10-16,13.907,13.917,13.077,13.077,37814.890
2007-10-17,14.055,14.369,13.741,14.110,85834.410
2007-10-18,14.461,14.940,13.852,13.926,104785.420
2007-10-19,14.212,14.756,14.018,14.359,45941.120
2007-10-22,13.317,14.203,13.299,14.203,33086.110
2007-10-23,13.566,13.649,13.188,13.280,20433.340
2007-10-24,13.686,13.723,13.207,13.603,36199.770
2007-10-25,12.626,13.520,12.340,13.511,43042.480
2007-10-26,13.013,13.243,12.450,12.865,38013.070
2007-10-29,13.013,13.326,12.819,13.096,28352.140
2007-10-30,13.400,13.419,12.478,13.004,26496.830
2007-10-31,14.055,14.203,13.465,13.511,69627.060
2007-11-01,13.815,14.193,13.732,13.972,34423.080
2007-11-02,13.963,14.110,13.465,13.465,38767.780
2007-11-05,14.249,14.544,13.741,13.834,45330.190
2007-11-06,13.769,14.433,13.741,14.203,25929.860
2007-11-07,13.935,14.193,13.585,13.723,24380.950
2007-11-08,13.280,14.018,12.745,13.972,30897.340
2007-11-09,13.022,13.557,12.939,13.142,20380.620
2007-11-12,13.096,13.243,11.740,12.773,45139.410
2007-11-13,13.345,13.834,13.105,13.354,55398.600
2007-11-14,13.723,13.788,13.373,13.373,30294.080
2007-11-15,13.677,13.972,13.511,13.972,19963.810
2007-11-16,13.769,14.018,13.557,13.778,36384.750
2007-11-19,13.926,14.027,13.677,13.852,62673.290
2007-11-20,14.055,14.415,13.917,14.055,155680.650
2007-11-21,13.419,14.193,13.373,14.055,72415.560
2007-11-22,12.792,13.373,12.469,13.373,37535.100
2007-11-23,12.976,13.004,12.524,12.792,20276.530
2007-11-26,12.745,13.299,12.727,13.280,18102.870
2007-11-27,12.902,13.373,12.552,12.902,23323.950
2007-11-28,12.792,13.280,12.616,13.050,15312.900
2007-11-29,13.105,13.188,12.644,13.068,23561.970
2007-11-30,12.828,13.243,12.681,13.151,15434.980
2007-12-03,12.598,12.828,12.358,12.727,17276.490
2007-12-04,12.810,12.958,12.496,12.496,15501.660
2007-12-05,13.013,13.077,12.635,12.911,18529.240
2007-12-06,13.160,13.326,12.985,13.133,22064.810
2007-12-07,13.391,13.557,13.068,13.345,45151.390
2007-12-10,13.751,13.834,13.133,13.188,43757.890
2007-12-11,13.815,13.981,13.594,13.981,43524.230
2007-12-12,13.917,14.387,13.889,14.018,148594.590
2007-12-13,14.276,14.848,13.944,13.972,197476.350
2007-12-14,14.581,14.737,13.622,14.064,111203.390
2007-12-17,14.931,15.457,14.387,14.571,161059.060
2007-12-18,14.258,15.051,14.166,14.793,75599.840
2007-12-19,14.424,14.756,14.267,14.396,57441.130
2007-12-20,14.737,15.033,14.571,14.581,67720.940
2007-12-21,14.986,15.033,14.535,14.645,75275.760
2007-12-24,15.254,15.835,15.171,15.217,110187.330
2007-12-25,15.604,15.724,15.263,15.401,58999.880
2007-12-26,16.185,16.185,15.660,16.019,86901.600
2007-12-27,15.890,16.416,15.678,16.231,109672.660
2007-12-28,15.752,16.010,15.494,15.743,55627.210
2008-01-02,16.517,16.674,15.770,15.890,60603.170
2008-01-03,16.610,16.776,16.231,16.324,53047.850
2008-01-04,16.462,16.628,15.992,16.628,62520.340
2008-01-07,16.407,16.610,15.899,16.139,79823.060
2008-01-08,15.540,16.324,15.503,16.324,85122.870
2008-01-09,16.010,16.047,15.365,15.401,51621.240
2008-01-10,15.586,16.047,15.448,16.010,72085.280
2008-01-11,15.936,16.010,15.567,15.632,51721.750
2008-01-14,15.946,16.278,15.826,16.001,45754.910
2008-01-15,16.065,16.121,15.669,15.955,52984.030
2008-01-16,16.176,16.490,15.678,15.955,86998.290
2008-01-17,15.374,16.600,14.903,16.130,76637.340
2008-01-18,15.033,15.623,14.645,15.401,49524.450
2008-01-21,14.221,15.217,13.861,14.950,50407.850
2008-01-22,12.865,13.907,12.801,13.907,58161.850
2008-01-23,13.788,13.824,12.865,13.170,52169.230
2008-01-24,14.258,14.295,13.797,13.797,51665.430
2008-01-25,14.359,14.756,14.110,14.571,43964.220
2008-01-28,13.585,14.203,13.197,14.110,33789.670
2008-01-29,13.935,14.101,13.465,13.797,15783.640
2008-01-30,13.843,14.249,13.511,14.249,15244.830
2008-01-31,13.308,13.981,13.280,13.972,12866.700
2008-02-01,13.041,13.511,12.404,13.280,18182.260
2008-02-04,14.203,14.239,13.290,13.732,17669.300
2008-02-05,14.046,14.295,13.815,14.101,17285.280
2008-02-13,13.760,13.926,13.539,13.926,22029.020
2008-02-14,14.276,14.341,13.769,13.917,22712.720
2008-02-15,14.424,14.525,13.834,14.230,25784.680
2008-02-18,14.682,15.079,14.571,14.756,50127.020
2008-02-19,14.950,15.337,14.710,14.710,37020.460
2008-02-20,14.811,15.143,14.765,14.950,30635.530
2008-02-21,14.820,14.986,14.387,14.710,25651.120
2008-02-22,14.203,14.756,13.981,14.756,28318.420
2008-02-25,13.640,14.442,13.465,14.249,20294.220
2008-02-26,13.880,14.156,13.492,13.880,20881.460
2008-02-27,14.046,14.212,13.843,14.092,13452.640
2008-02-28,14.110,14.286,13.834,14.073,12203.930
2008-02-29,14.341,14.378,13.926,14.101,14838.090
2008-03-03,15.033,15.079,14.212,14.332,40154.490
2008-03-04,14.682,15.263,14.571,15.088,36435.640
2008-03-05,15.033,15.051,14.553,14.645,28963.040
2008-03-06,15.134,15.448,15.033,15.060,36373.740
2008-03-07,14.737,15.208,14.581,15.014,17983.010
2008-03-10,14.212,14.802,14.101,14.479,18247.270
2008-03-11,14.811,14.830,13.880,14.092,16324.280
2008-03-12,14.369,15.125,14.295,14.986,11303.090
2008-03-13,13.769,14.387,13.603,14.304,18944.140
2008-03-14,13.778,14.018,13.612,13.788,7786.790
2008-03-17,12.690,13.834,12.524,13.788,17404.180
2008-03-18,11.427,12.893,11.417,12.404,20476.350
2008-03-19,11.888,12.164,11.436,11.989,15601.430
2008-03-20,12.275,12.432,11.205,11.666,18754.850
2008-03-21,12.367,12.533,12.017,12.174,15692.890
2008-03-24,12.146,12.718,12.128,12.450,12339.120
2008-03-25,12.496,12.598,11.602,11.897,16874.280
2008-03-26,12.377,12.865,12.257,12.570,11435.130
2008-03-27,11.464,12.266,11.417,12.266,15613.150
2008-03-28,11.814,11.869,10.514,11.187,21991.070
2008-03-31,11.159,11.620,11.067,11.620,9625.150
2008-04-01,10.172,11.482,10.145,11.159,16845.380
2008-04-02,9.794,10.541,9.591,10.283,18707.540
2008-04-03,10.089,10.237,9.499,9.720,16394.570
2008-04-07,10.735,10.781,9.684,9.868,18607.660
2008-04-08,10.836,11.048,10.707,10.929,19680.070
2008-04-09,10.080,11.012,10.062,10.846,21217.810
2008-04-10,10.495,10.569,9.776,9.923,15159.440
2008-04-11,10.670,10.790,10.449,10.449,10494.120
2008-04-14,10.670,10.965,10.145,10.431,28802.530
2008-04-15,11.731,11.740,10.587,10.680,51980.830
2008-04-16,11.334,11.851,11.279,11.528,33032.980
2008-04-17,11.205,11.528,10.873,11.325,22474.580
2008-04-18,10.652,11.547,10.615,11.205,29815.980
2008-04-21,11.482,11.713,10.799,11.482,36207.970
2008-04-22,11.178,11.547,10.606,11.233,31466.290
2008-04-23,11.547,11.694,10.781,11.214,68203.100
2008-04-24,12.552,12.681,11.989,12.626,98846.150
2008-04-25,11.980,12.543,11.971,12.266,63572.730
2008-04-28,11.989,12.128,11.528,11.547,36445.890
2008-04-29,11.943,12.201,11.823,11.915,24443.950
2008-04-30,12.441,12.533,11.925,11.925,45113.310
2008-05-05,12.902,12.985,12.598,12.635,47922.470
2008-05-06,12.626,13.087,12.450,13.004,40466.670
2008-05-07,12.423,13.105,12.404,12.635,38581.870
2008-05-08,12.801,12.810,12.128,12.174,19037.520
2008-05-09,12.792,13.096,12.358,12.994,26293.860
2008-05-12,13.345,13.465,12.487,12.755,49411.720
2008-05-13,14.442,14.645,12.958,13.142,126227.000
2008-05-14,14.073,14.737,13.649,14.479,98888.960
2008-05-15,13.557,14.203,13.511,14.193,49234.970
2008-05-16,13.317,13.741,13.188,13.557,28910.540
2008-05-19,13.539,13.806,13.326,13.326,23709.170
2008-05-20,12.238,13.557,12.183,13.465,36167.390
2008-05-21,12.994,13.077,11.362,11.989,43882.800
2008-05-22,13.142,13.419,12.496,12.792,34835.210
2008-05-23,13.382,13.539,12.958,13.077,42426.940
2008-05-26,13.686,13.926,13.373,13.456,49077.650
2008-05-27,13.594,13.788,12.838,13.622,32444.050
2008-05-28,13.575,13.741,13.142,13.511,23792.540
2008-05-30,13.068,13.677,12.911,13.373,16030.260
2008-06-02,12.884,13.050,12.635,13.050,14077.260
2008-06-03,12.533,13.050,12.404,12.865,16407.320
2008-06-04,12.211,12.699,12.128,12.496,16219.650
2008-06-05,12.257,12.404,12.035,12.174,10535.790
2008-06-06,12.118,12.432,12.035,12.266,8105.490
2008-06-10,10.910,11.906,10.910,11.906,20955.590
2008-06-11,10.993,11.067,10.716,10.744,11810.550
2008-06-12,10.919,11.261,10.698,11.039,10011.160
2008-06-13,10.606,11.141,10.597,11.113,9115.330
2008-06-16,10.252,10.765,10.075,10.607,7482.640
2008-06-17,9.581,10.392,9.553,10.252,8556.400
2008-06-18,10.178,10.234,9.283,9.507,13948.350
2008-06-19,9.162,10.299,9.162,10.066,16458.230
2008-06-20,9.693,9.814,8.854,9.218,26484.440
2008-06-23,9.367,9.833,9.134,9.414,14146.880
2008-06-24,9.553,9.702,9.236,9.320,13602.890
2008-06-25,10.224,10.252,9.553,9.619,24084.070
2008-06-26,10.541,10.681,10.066,10.308,27797.790
2008-06-27,9.693,10.159,9.600,10.159,19130.000
2008-06-30,9.963,10.047,9.507,9.619,8266.550
2008-07-01,9.712,10.019,9.647,10.019,4937.900
2008-07-02,10.057,10.224,9.721,9.805,10906.700
2008-07-03,10.495,10.588,9.693,9.954,22295.320
2008-07-04,10.523,10.625,10.252,10.485,13441.920
2008-07-07,10.793,10.895,10.392,10.513,32774.740
2008-07-08,10.756,10.877,10.532,10.784,17461.500
2008-07-09,11.138,11.138,10.607,10.672,27514.320
2008-07-10,10.662,11.045,10.625,11.045,14557.080
2008-07-11,10.970,10.998,10.532,10.607,16141.660
2008-07-14,11.156,11.818,10.681,10.765,18713.110
2008-07-15,10.569,11.315,10.439,11.166,14607.410
2008-07-16,10.215,10.709,10.047,10.392,18348.080
2008-07-17,10.262,10.905,10.215,10.392,16117.910
2008-07-18,10.476,10.560,9.786,10.513,16887.700
2008-07-21,10.802,10.812,10.131,10.439,27302.100
2008-07-22,10.681,10.895,10.607,10.793,12445.810
2008-07-23,10.551,10.886,10.541,10.737,9946.570
2008-07-24,10.756,10.784,10.551,10.625,10358.320
2008-07-25,10.644,10.718,10.541,10.662,7739.640
2008-07-28,10.728,10.812,10.579,10.718,8715.630
2008-07-29,10.476,10.700,10.467,10.541,7970.000
2008-07-30,10.234,10.625,10.159,10.625,10985.130
2008-07-31,9.842,10.485,9.786,10.299,10816.830
2008-08-01,10.057,10.159,9.721,9.842,5561.720
2008-08-04,9.693,9.991,9.684,9.833,4364.620
2008-08-05,9.395,9.833,9.330,9.805,5745.910
2008-08-06,9.460,9.572,9.320,9.507,4787.720
2008-08-07,9.749,9.786,9.348,9.460,5085.120
2008-08-08,9.236,9.749,9.208,9.749,10445.020
2008-08-11,8.556,9.395,8.500,9.236,13825.240
2008-08-12,8.603,8.687,8.481,8.621,5479.200
2008-08-13,8.575,8.705,8.137,8.593,6986.360
2008-08-14,8.547,8.649,8.407,8.528,3807.310
2008-08-15,8.416,8.696,8.388,8.547,3746.500
2008-08-18,7.773,8.454,7.755,8.398,8861.310
2008-08-19,7.866,7.922,7.503,7.503,4852.050
2008-08-20,8.435,8.519,7.661,7.876,9335.250
2008-08-21,8.025,8.388,8.025,8.248,5711.560
2008-08-22,7.745,8.025,7.559,7.932,4047.630
2008-08-25,8.015,8.295,7.633,7.922,8303.700
2008-08-26,7.643,7.941,7.549,7.941,4973.590
2008-08-27,7.456,7.829,7.270,7.671,8263.830
2008-08-28,7.447,7.503,7.363,7.428,3335.000
2008-08-29,7.456,7.549,7.149,7.456,31066.590
2008-09-01,6.711,7.447,6.711,7.438,40560.860
2008-09-02,6.506,6.664,6.310,6.524,23252.020
2008-09-03,6.468,6.608,6.291,6.450,22788.510
2008-09-04,6.627,7.037,6.571,6.599,28837.220
2008-09-05,6.291,6.478,6.151,6.338,15333.590
2008-09-08,5.816,6.338,5.732,6.198,19523.680
2008-09-09,5.862,5.918,5.732,5.788,13854.240
2008-09-10,5.816,6.021,5.704,5.835,19147.490
2008-09-11,5.853,5.993,5.779,5.807,25115.780
2008-09-12,5.928,6.058,5.853,5.872,16649.260
2008-09-16,5.751,5.928,5.406,5.928,17110.830
2008-09-17,5.648,5.825,5.518,5.751,12786.570
2008-09-18,5.434,5.574,5.108,5.574,16869.730
2008-09-19,5.974,5.974,5.779,5.918,21221.390
2008-09-22,6.282,6.571,6.040,6.422,48270.660
2008-09-23,5.769,6.105,5.741,6.105,34329.300
2008-09-24,6.040,6.058,5.508,5.602,30541.250
2008-09-25,6.235,6.282,5.974,6.058,35748.830
2008-09-26,6.319,6.431,6.179,6.291,41191.240
2008-10-06,6.394,6.459,5.965,6.235,40885.750
2008-10-07,6.795,7.028,6.096,6.245,85721.340
2008-10-08,6.534,6.841,6.412,6.562,45281.720
2008-10-09,6.552,6.720,6.338,6.664,31935.930
2008-10-10,5.918,6.384,5.909,6.245,18887.020
2008-10-13,5.993,6.002,5.452,5.685,20305.380
2008-10-14,5.723,6.263,5.685,6.198,21481.550
2008-10-15,5.760,6.049,5.704,5.825,19915.640
2008-10-16,5.341,5.751,5.331,5.518,16700.570
2008-10-17,5.369,5.564,5.229,5.378,11784.630
2008-10-20,5.602,5.620,5.238,5.406,11776.000
2008-10-21,5.629,5.769,5.592,5.685,13656.000
2008-10-22,5.499,5.685,5.415,5.592,8616.700
2008-10-23,5.546,5.555,5.313,5.359,6085.190
2008-10-24,5.452,5.657,5.415,5.546,6982.640
2008-10-27,5.080,5.406,4.986,5.406,12985.690
2008-10-28,5.182,5.238,4.893,4.893,8159.010
2008-10-29,4.828,5.313,4.819,5.313,7338.240
2008-10-30,4.781,4.940,4.642,4.930,19156.330
2008-10-31,4.651,4.697,4.455,4.660,39270.630
2008-11-03,4.707,4.781,4.567,4.604,29238.220
2008-11-04,4.595,4.828,4.511,4.744,37439.330
2008-11-05,4.614,4.725,4.483,4.567,87299.700
2008-11-06,4.306,4.539,4.157,4.427,75357.290
2008-11-07,4.203,4.259,4.110,4.129,46517.500
2008-11-10,4.520,4.530,4.259,4.297,97956.830
2008-11-11,4.483,4.567,4.371,4.567,88912.780
2008-11-12,4.642,4.660,4.399,4.427,63824.400
2008-11-13,4.819,4.893,4.483,4.567,139422.190
2008-11-14,5.108,5.126,4.716,4.828,159861.230
2008-11-17,5.313,5.369,4.949,5.024,144938.130
2008-11-18,4.781,5.313,4.781,5.219,115216.380
2008-11-19,5.061,5.108,4.614,4.651,101166.740
2008-11-20,4.940,5.173,4.837,4.968,93378.590
2008-11-21,4.772,4.958,4.567,4.753,85053.850
2008-11-24,5.247,5.247,4.800,4.800,256489.730
2008-11-25,5.219,5.471,5.108,5.406,193879.610
2008-11-26,5.052,5.275,5.024,5.219,89213.380
2008-11-27,5.229,5.452,5.108,5.341,186935.940
2008-11-28,5.052,5.229,4.986,5.201,74695.560
2008-12-01,5.247,5.266,4.921,5.061,82807.810
2008-12-02,5.415,5.462,5.014,5.117,123439.310
2008-12-03,5.611,5.723,5.415,5.480,150151.540
2008-12-04,5.452,5.853,5.387,5.648,145241.270
2008-12-05,5.751,5.760,5.406,5.443,89783.780
2008-12-08,6.021,6.077,5.769,5.900,131860.660
2008-12-09,5.751,5.984,5.732,5.984,81512.060
2008-12-10,5.872,5.872,5.592,5.685,71582.470
2008-12-11,5.667,5.862,5.611,5.853,61168.630
2008-12-12,5.471,5.676,5.322,5.676,57689.320
2008-12-15,5.751,5.769,5.387,5.518,63269.190
2008-12-16,5.928,5.946,5.518,5.751,102901.580
2008-12-17,5.984,6.263,5.853,5.853,127814.560
2008-12-18,6.086,6.207,5.890,5.956,131084.750
2008-12-19,6.226,6.394,6.012,6.058,133844.200
2008-12-22,6.412,6.804,6.366,6.804,177147.810
2008-12-23,5.788,6.403,5.769,6.403,113409.640
2008-12-24,6.030,6.086,5.555,5.629,97294.140
2008-12-25,5.900,6.086,5.807,6.049,45686.460
2008-12-26,5.741,6.058,5.723,5.918,41124.080
2008-12-29,5.592,5.685,5.406,5.620,45316.230
2008-12-30,5.695,5.779,5.527,5.527,42556.780
2008-12-31,5.480,5.685,5.462,5.611,52100.590
2009-01-05,5.695,5.695,5.508,5.583,31383.680
2009-01-06,5.909,5.918,5.639,5.685,78763.170
2009-01-07,6.040,6.151,5.825,5.890,75485.290
2009-01-08,6.151,6.198,5.844,5.872,96919.870
2009-01-09,6.245,6.310,6.040,6.114,73845.050
2009-01-12,6.123,6.310,6.096,6.179,63876.090
2009-01-13,5.807,6.105,5.760,6.105,46065.300
2009-01-14,6.002,6.030,5.788,5.807,35324.200
2009-01-15,5.993,6.114,5.853,5.853,38346.360
2009-01-16,6.133,6.207,5.965,6.040,63342.880
2009-01-19,6.021,6.245,5.937,6.096,57608.710
2009-01-20,6.142,6.151,5.890,6.012,51043.990
2009-01-21,6.133,6.189,5.965,6.021,50832.580
2009-01-22,6.403,6.655,6.338,6.338,168762.700
2009-01-23,6.226,6.356,6.189,6.301,48788.960
2009-02-02,6.310,6.329,6.198,6.263,44687.040
2009-02-03,6.478,6.487,6.245,6.254,75318.170
2009-02-04,6.599,6.617,6.394,6.487,87514.620
2009-02-05,6.366,6.636,6.291,6.571,76717.380
2009-02-06,6.645,6.683,6.375,6.375,96040.060
2009-02-09,6.972,6.990,6.552,6.711,127335.220
2009-02-10,7.242,7.270,6.785,6.878,143444.110
2009-02-11,7.139,7.438,6.990,7.083,137711.660
2009-02-12,7.400,7.447,7.046,7.139,127083.690
2009-02-13,7.540,7.605,7.363,7.466,136868.810
2009-02-16,7.522,7.661,7.270,7.559,112707.950
2009-02-17,7.130,7.512,7.111,7.512,85405.200
2009-02-18,7.000,7.251,6.944,7.037,87711.410
2009-02-19,7.074,7.167,6.925,7.158,45820.020
2009-02-20,7.279,7.335,7.018,7.083,58435.210
2009-02-23,7.466,7.512,7.083,7.251,86640.780
2009-02-24,6.990,7.466,6.897,7.410,108728.460
2009-02-25,7.055,7.177,6.804,7.083,63628.500
2009-02-26,6.673,7.233,6.384,7.037,73866.290
2009-02-27,6.133,6.627,6.040,6.543,63388.510
2009-03-02,6.179,6.235,6.030,6.058,36856.210
2009-03-03,6.319,6.422,5.928,6.012,55379.930
2009-03-04,6.636,6.645,6.319,6.319,70509.190
2009-03-05,7.028,7.055,6.627,6.701,116890.000
2009-03-06,6.906,7.177,6.869,6.981,130108.610
2009-03-09,6.506,7.177,6.431,6.934,62285.480
2009-03-10,6.636,6.645,6.235,6.468,37394.310
2009-03-11,6.571,6.822,6.534,6.785,34051.130
2009-03-12,6.552,6.636,6.384,6.524,22051.590
2009-03-13,6.468,6.673,6.440,6.673,24469.950
2009-03-16,6.515,6.580,6.356,6.487,23095.450
2009-03-17,6.739,6.767,6.478,6.543,50129.670
2009-03-18,6.850,7.055,6.832,6.832,76926.080
2009-03-19,6.953,6.981,6.841,6.869,55494.960
2009-03-20,6.906,7.000,6.767,6.981,58320.250
2009-03-23,7.158,7.158,6.878,6.972,87259.720
2009-03-24,7.139,7.270,7.037,7.205,79247.130
2009-03-25,6.813,7.130,6.804,7.111,56203.430
2009-03-26,6.972,7.018,6.739,6.804,38724.680
2009-03-27,6.962,7.018,6.888,7.000,51301.120
2009-03-30,6.944,6.990,6.841,6.916,58267.530
2009-03-31,6.916,6.925,6.711,6.841,42804.370
2009-04-01,7.074,7.083,6.916,6.916,78966.600
2009-04-02,7.074,7.233,7.028,7.111,91467.720
2009-04-03,6.962,7.167,6.897,7.149,57185.700
2009-04-07,7.055,7.270,6.981,7.139,97228.980
2009-04-08,6.916,7.205,6.916,7.083,97087.730
2009-04-09,6.813,6.972,6.617,6.878,77705.170
2009-04-10,6.944,6.953,6.739,6.832,62680.650
2009-04-13,7.018,7.037,6.906,6.990,74476.160
2009-04-14,7.093,7.102,6.906,6.972,73318.200
2009-04-15,7.139,7.158,6.972,7.083,81729.090
2009-04-16,7.298,7.363,7.111,7.149,137211.090
2009-04-17,7.363,7.549,7.270,7.344,175569.980
2009-04-20,7.494,7.522,7.205,7.363,135121.260
2009-04-21,7.307,7.512,7.139,7.363,99233.850
2009-04-22,6.897,7.391,6.813,7.316,89992.980
2009-04-23,6.869,6.953,6.729,6.897,53178.260
2009-04-24,6.878,7.046,6.860,6.897,47395.730
2009-04-27,6.953,7.251,6.944,7.055,95965.940
2009-04-28,7.652,7.652,6.990,7.065,288521.810
2009-04-29,7.559,8.015,7.354,7.866,308442.950
2009-04-30,7.829,8.015,7.298,7.531,250158.020
2009-05-04,7.904,7.969,7.624,7.829,193794.740
2009-05-05,7.643,7.838,7.596,7.829,142710.670
2009-05-06,7.615,7.708,7.540,7.596,105891.100
2009-05-07,7.400,7.680,7.344,7.615,108022.150
2009-05-08,7.615,7.876,7.568,7.652,148490.020
2009-05-11,7.615,7.810,7.410,7.643,161106.200
2009-05-12,7.438,7.456,7.167,7.410,139170.680
2009-05-13,7.344,7.475,7.270,7.456,115080.260
2009-05-14,7.382,7.428,7.270,7.344,78364.080
2009-05-15,7.549,7.689,7.438,7.447,136658.390
2009-05-18,7.400,7.568,7.270,7.568,73837.050
2009-05-19,7.391,7.456,7.335,7.428,65958.240
2009-05-20,7.363,7.503,7.335,7.372,75070.730
2009-05-21,7.130,7.363,7.083,7.363,71301.240
2009-05-22,7.167,7.205,7.065,7.083,36706.150
2009-05-25,7.028,7.083,6.860,6.990,49641.540
2009-05-26,7.009,7.130,6.990,7.037,48463.580
2009-05-27,7.028,7.083,6.906,7.018,40468.300
2009-06-01,7.177,7.186,7.028,7.083,52694.290
2009-06-02,7.177,7.233,7.149,7.186,54100.480
2009-06-03,7.177,7.186,7.074,7.186,54290.150
2009-06-04,7.214,7.242,7.093,7.177,55423.700
2009-06-05,7.214,7.279,7.130,7.261,57463.330
2009-06-08,7.167,7.279,7.158,7.233,45949.690
2009-06-09,7.065,7.214,6.925,7.177,49152.220
2009-06-10,7.158,7.167,7.037,7.046,49964.420
2009-06-11,7.223,7.251,7.102,7.158,63498.560
2009-06-12,7.261,7.475,7.186,7.270,141348.580
2009-06-15,7.363,7.438,7.195,7.307,67834.820
2009-06-16,7.270,7.354,7.214,7.335,46856.060
2009-06-17,7.382,7.438,7.205,7.270,92943.370
2009-06-18,7.577,7.633,7.363,7.428,152965.030
2009-06-22,7.372,8.155,7.335,7.605,149109.510
2009-06-23,7.242,7.326,7.186,7.270,62157.880
2009-06-24,7.279,7.316,7.233,7.261,43528.290
2009-06-25,7.326,7.344,7.214,7.289,49354.520
2009-06-26,7.382,7.400,7.251,7.326,51783.960
2009-06-29,7.391,7.456,7.326,7.391,59133.220
2009-06-30,7.270,7.419,7.261,7.391,44965.840
2009-07-01,7.298,7.344,7.214,7.251,37937.450
2009-07-02,7.316,7.344,7.242,7.344,52834.160
2009-07-03,7.261,7.316,7.223,7.316,55008.930
2009-07-06,7.298,7.307,7.177,7.270,61094.830
2009-07-07,7.354,7.391,7.205,7.251,78452.150
2009-07-08,7.410,7.428,7.242,7.298,74625.370
2009-07-09,7.531,7.577,7.419,7.438,110896.450
2009-07-10,7.522,7.577,7.419,7.559,97875.020
2009-07-13,7.605,7.671,7.475,7.503,119590.710
2009-07-14,7.615,7.633,7.512,7.577,94121.540
2009-07-15,7.605,7.661,7.559,7.624,97661.870
2009-07-16,7.549,7.661,7.531,7.633,82490.140
2009-07-17,7.550,7.587,7.475,7.578,51282.320
2009-07-20,7.728,7.765,7.550,7.578,125919.260
2009-07-21,7.494,7.728,7.475,7.709,106902.260
2009-07-22,7.606,7.653,7.512,7.522,71927.990
2009-07-23,7.737,7.737,7.606,7.634,101408.850
2009-07-24,7.662,7.812,7.541,7.775,91162.910
2009-07-27,7.840,7.850,7.653,7.662,129221.460
2009-07-28,7.887,7.897,7.719,7.793,119911.560
2009-07-29,7.456,8.018,7.138,7.840,118900.120
2009-07-30,7.475,7.578,7.288,7.419,65224.680
2009-07-31,7.634,7.662,7.484,7.503,68235.690
2009-08-03,7.803,7.840,7.569,7.672,93548.010
2009-08-04,8.337,8.393,7.719,7.822,268870.650
2009-08-05,8.206,8.374,7.981,8.149,181900.490
2009-08-06,8.009,8.215,7.897,8.131,107155.220
2009-08-07,7.934,8.149,7.887,8.000,91856.340
2009-08-10,8.140,8.196,7.934,8.056,88137.470
2009-08-11,8.056,8.243,7.981,8.234,59823.930
2009-08-12,7.550,8.028,7.484,8.009,84349.550
2009-08-13,7.634,7.728,7.522,7.569,48473.470
2009-08-14,7.278,7.728,7.260,7.634,54592.220
2009-08-17,6.791,7.269,6.726,7.147,53898.800
2009-08-18,6.866,6.922,6.735,6.744,51764.830
2009-08-19,6.669,7.147,6.651,7.007,80244.590
2009-08-20,6.866,6.885,6.688,6.688,44071.390
2009-08-21,6.969,7.007,6.754,6.876,43988.520
2009-08-25,7.175,7.438,7.035,7.297,129281.220
2009-08-26,7.334,7.419,6.979,7.035,84155.210
2009-08-27,7.456,7.634,7.175,7.288,94859.880
2009-08-28,7.128,7.512,7.082,7.494,58217.630
2009-08-31,6.688,7.100,6.623,7.072,55724.830
2009-09-01,6.744,6.838,6.594,6.698,30528.560
2009-09-02,6.726,6.791,6.566,6.763,27037.030
2009-09-03,6.922,6.950,6.679,6.698,41091.950
2009-09-04,7.007,7.053,6.857,6.950,44175.120
2009-09-07,7.231,7.419,7.053,7.091,87163.210
2009-09-08,7.231,7.231,7.016,7.194,46183.280
2009-09-09,7.157,7.260,7.044,7.231,41173.480
2009-09-10,7.072,7.166,7.016,7.138,36824.210
2009-09-11,7.231,7.231,7.035,7.063,40986.090
2009-09-14,7.316,7.353,7.194,7.260,59583.920
2009-09-15,7.288,7.334,7.231,7.306,56584.190
2009-09-16,7.419,7.438,7.175,7.269,73226.320
2009-09-17,7.494,7.522,7.372,7.438,86212.510
2009-09-18,7.550,7.756,7.419,7.503,130758.940
2009-09-21,7.803,7.840,7.409,7.494,119077.510
2009-09-22,7.503,7.793,7.419,7.793,73469.680
2009-09-23,7.222,7.616,7.166,7.494,48945.470
2009-09-24,7.053,7.278,6.894,7.119,47621.190
2009-09-25,7.007,7.128,6.950,7.053,29415.410
2009-09-28,6.744,7.175,6.716,7.044,39541.850
2009-09-29,6.641,6.819,6.538,6.744,42151.420
2009-09-30,6.735,6.763,6.660,6.669,28293.020
2009-10-09,7.025,7.035,6.772,6.801,41180.550
2009-10-12,6.960,7.044,6.894,7.025,33634.030
2009-10-13,7.100,7.119,6.894,6.960,25062.800
2009-10-14,7.241,7.269,7.072,7.110,46977.780
2009-10-15,7.128,7.260,7.100,7.213,31067.590
2009-10-16,7.185,7.260,7.100,7.100,36429.610
2009-10-19,7.316,7.372,7.175,7.175,44237.670
2009-10-20,7.428,7.503,7.260,7.316,71232.190
2009-10-21,7.316,7.466,7.306,7.353,47969.350
2009-10-22,7.325,7.363,7.260,7.278,30714.330
2009-10-23,7.344,7.409,7.297,7.353,48160.750
2009-10-26,7.447,7.494,7.334,7.409,53447.200
2009-10-27,7.297,7.447,7.231,7.381,46355.110
2009-10-28,7.288,7.334,7.138,7.297,33996.000
2009-10-29,7.456,7.606,7.166,7.222,129258.220
2009-10-30,7.850,8.131,7.391,7.494,194708.910
2009-11-02,8.637,8.637,7.644,7.719,173812.500
2009-11-03,8.936,9.461,8.805,9.367,425954.210
2009-11-04,9.133,9.273,8.571,8.674,278510.520
2009-11-05,9.255,9.480,8.871,8.908,248245.180
2009-11-06,8.889,9.302,8.814,9.292,187850.450
2009-11-09,8.796,8.946,8.627,8.899,85334.550
2009-11-10,8.899,9.170,8.721,8.730,116317.610
2009-11-11,8.843,8.955,8.711,8.833,64973.390
2009-11-12,8.852,8.992,8.786,8.861,59894.580
2009-11-13,8.880,8.964,8.674,8.833,61702.020
2009-11-16,8.946,9.067,8.889,8.899,109900.150
2009-11-17,9.845,9.845,8.777,8.908,218692.620
2009-11-18,10.828,10.828,9.967,9.967,482012.650
2009-11-19,11.915,11.915,11.128,11.241,459162.200
2009-11-20,12.365,13.020,11.896,12.739,629134.530
2009-11-23,13.601,13.601,12.102,12.233,502719.350
2009-11-24,12.543,14.023,12.243,13.601,649825.040
2009-11-25,12.486,12.739,12.027,12.271,355659.710
2009-11-26,12.018,12.927,11.887,12.271,378953.190
2009-11-27,11.428,12.037,11.166,11.756,273334.780
2009-11-30,11.700,11.849,11.353,11.597,201899.430
2009-12-01,12.056,12.140,11.484,11.606,282123.920
2009-12-02,11.990,12.271,11.765,11.971,238272.900
2009-12-03,12.243,12.271,11.671,11.943,249427.190
2009-12-04,11.353,12.233,11.053,12.084,255749.660
2009-12-07,11.456,11.475,11.147,11.316,95643.750
2009-12-08,11.400,11.643,11.259,11.475,83068.230
2009-12-09,11.241,11.625,11.222,11.381,119150.330
2009-12-10,11.194,11.390,10.960,11.250,109891.610
2009-12-11,11.344,11.568,11.147,11.241,131869.690
2009-12-14,11.119,11.475,10.866,11.475,79587.200
2009-12-15,11.250,11.419,11.016,11.194,95729.970
2009-12-16,11.325,11.587,11.147,11.147,104510.350
2009-12-17,10.519,11.353,10.444,11.297,106908.900
2009-12-18,10.060,10.491,9.957,10.407,88984.190
2009-12-21,10.220,10.248,9.957,10.117,52300.280
2009-12-22,9.854,10.210,9.807,10.210,57877.310
2009-12-23,10.088,10.135,9.882,9.948,50731.130
2009-12-24,10.454,10.491,10.088,10.098,79699.060
2009-12-25,10.519,10.725,10.210,10.398,104243.740
2009-12-28,10.604,10.679,10.444,10.472,72913.750
2009-12-29,10.472,10.650,10.257,10.585,67285.720
2009-12-30,10.922,11.175,10.238,10.407,168281.930
2009-12-31,10.650,10.753,10.529,10.679,97268.270
2010-01-04,10.501,10.735,10.463,10.669,56851.910
2010-01-05,10.529,10.604,10.238,10.501,67421.760
2010-01-06,10.501,10.604,10.351,10.510,60825.470
2010-01-07,10.070,10.482,10.042,10.463,72531.330
2010-01-08,10.201,10.257,9.957,10.023,50836.510
2010-01-11,10.210,10.398,10.004,10.210,49279.400
2010-01-12,10.510,10.538,10.201,10.201,78176.740
2010-01-13,10.585,10.679,10.323,10.398,116243.510
2010-01-14,11.119,11.147,10.585,10.650,215436.780
2010-01-15,11.034,11.428,10.941,11.184,154775.830
2010-01-18,11.175,11.241,10.960,11.138,92944.860
2010-01-19,10.913,11.166,10.828,11.147,78852.210
2010-01-20,10.407,11.006,10.323,10.894,68228.930
2010-01-21,10.426,10.510,10.304,10.426,41920.830
2010-01-22,11.465,11.465,10.379,10.463,375119.190
2010-01-25,10.969,11.756,10.950,11.503,244852.760
2010-01-26,9.873,10.950,9.873,10.772,215453.840
2010-01-27,9.489,9.836,9.199,9.695,84397.100
2010-01-28,9.714,9.770,9.311,9.367,80602.100
2010-01-29,10.276,10.501,9.536,9.554,178263.590
2010-02-01,10.838,10.960,10.023,10.276,153914.740
2010-02-02,10.725,11.025,10.613,10.791,98037.170
2010-02-03,11.409,11.475,10.613,10.679,180975.800
2010-02-04,11.493,11.784,11.119,11.381,181595.790
2010-02-05,11.540,11.578,10.913,11.287,133042.830
2010-02-08,11.353,11.512,11.100,11.484,86182.850
2010-02-09,11.016,11.493,10.988,11.316,63177.490
2010-02-10,11.100,11.194,10.782,11.034,55092.830
2010-02-11,10.885,11.138,10.828,11.109,50174.780
2010-02-12,10.941,11.100,10.828,10.885,38864.920
2010-02-22,10.753,10.950,10.585,10.950,44827.130
2010-02-23,11.381,11.428,10.679,10.679,89598.090
2010-02-24,11.653,11.718,11.250,11.381,146831.510
2010-02-25,11.643,11.784,11.475,11.597,111910.910
2010-02-26,11.653,11.943,11.522,11.606,93142.610
2010-03-01,11.775,11.878,11.634,11.653,95838.160
2010-03-02,11.606,11.943,11.390,11.803,121135.550
2010-03-03,11.709,11.756,11.428,11.503,84042.000
2010-03-04,11.156,11.756,11.091,11.662,108829.830
2010-03-05,11.138,11.287,11.006,11.147,44195.570
2010-03-08,11.231,11.297,11.138,11.138,31301.370
2010-03-09,11.400,11.409,11.184,11.241,42801.210
2010-03-10,11.100,11.419,11.063,11.344,40748.960
2010-03-11,10.866,11.166,10.697,11.081,49922.100
2010-03-12,10.697,10.941,10.679,10.866,30820.730
2010-03-15,10.660,10.725,10.472,10.632,26386.480
2010-03-16,10.772,10.791,10.472,10.660,21628.050
2010-03-17,10.997,11.016,10.763,10.772,32364.530
2010-03-18,10.894,11.072,10.866,10.997,29074.520
2010-03-19,10.960,11.053,10.866,10.894,25211.620
2010-03-22,11.166,11.175,10.913,10.941,36379.640
2010-03-23,11.793,11.859,11.128,11.166,171444.580
2010-03-24,11.531,11.849,11.475,11.756,116391.230
2010-03-25,11.175,11.475,11.091,11.334,56279.270
2010-03-26,11.334,11.568,11.194,11.194,55010.440
2010-03-29,11.372,11.531,11.203,11.372,41107.110
2010-03-30,11.306,11.437,11.194,11.428,35935.030
2010-03-31,11.353,11.409,11.147,11.316,36510.630
2010-04-01,11.503,11.531,11.381,11.381,57901.660
2010-04-02,11.625,11.662,11.400,11.503,55355.830
2010-04-06,11.662,11.803,11.587,11.643,76534.850
2010-04-07,12.205,12.599,11.615,11.728,279240.350
2010-04-08,12.224,12.440,11.906,12.177,158614.750
2010-04-09,12.280,12.365,12.065,12.177,88477.810
2010-04-12,12.646,12.646,12.280,12.374,145053.300
2010-04-13,13.039,13.601,12.271,12.636,235289.850
2010-04-14,12.945,13.067,12.655,12.917,112378.910
2010-04-15,12.421,13.030,12.393,12.936,102976.330
2010-04-16,12.130,12.374,12.065,12.365,77097.110
2010-04-19,11.812,12.533,11.756,11.943,102374.220
2010-04-20,12.327,12.383,11.606,11.859,121801.640
2010-04-21,12.880,13.114,12.271,12.355,162767.700
2010-04-22,12.636,13.011,12.608,12.880,99849.620
2010-04-23,12.917,12.973,12.505,12.618,118818.750
2010-04-26,13.367,13.788,12.927,12.927,185137.140
2010-04-27,13.536,13.582,12.739,13.114,129919.320
2010-04-28,13.863,14.144,13.161,13.348,168678.690
2010-04-29,12.730,14.032,12.580,13.873,161315.730
2010-04-30,12.215,12.571,11.803,12.571,84343.130
2010-05-04,13.039,13.320,11.849,12.177,96147.850
2010-05-05,13.554,13.582,12.749,12.814,119303.830
2010-05-06,13.161,13.835,13.142,13.554,101191.420
2010-05-07,12.702,13.348,12.505,12.739,73201.360
2010-05-10,11.999,13.058,11.784,12.786,74126.660
2010-05-11,11.325,12.430,11.241,12.159,68928.620
2010-05-12,10.969,11.334,10.547,11.297,54125.580
2010-05-13,11.643,11.662,10.753,10.960,65958.370
2010-05-14,11.887,12.159,11.409,11.568,59036.190
2010-05-17,11.025,11.859,10.978,11.662,57787.370
2010-05-18,11.437,11.475,10.753,10.941,53664.920
2010-05-19,11.222,11.437,11.053,11.287,38596.660
2010-05-20,10.744,11.334,10.725,11.053,47637.800
2010-05-21,10.650,10.782,10.070,10.463,66125.680
2010-05-24,11.231,11.297,10.679,10.679,53201.290
2010-05-25,11.437,11.634,11.016,11.081,74823.250
2010-05-26,11.428,11.756,11.316,11.334,97778.250
2010-05-27,11.578,11.587,11.269,11.428,48734.590
2010-05-28,11.840,12.027,11.512,11.709,112503.780
2010-05-31,11.437,12.074,11.353,11.681,78598.290
2010-06-01,11.053,11.381,10.800,11.241,49007.960
2010-06-02,11.241,11.259,10.838,10.960,49795.930
2010-06-03,11.231,11.615,11.222,11.269,49490.120
2010-06-04,11.400,11.419,11.063,11.100,32209.540
2010-06-07,11.475,11.578,11.053,11.147,50792.670
2010-06-08,11.447,11.597,11.353,11.372,36720.980
2010-06-09,11.634,11.634,11.437,11.568,42475.200
2010-06-10,11.475,11.709,11.409,11.662,55213.580
2010-06-11,11.147,11.587,11.053,11.456,62302.660
2010-06-17,10.482,11.316,10.444,11.241,108992.650
2010-06-18,9.779,10.472,9.742,10.472,115055.030
2010-06-21,9.976,9.985,9.554,9.554,45753.770
2010-06-22,10.032,10.107,9.854,9.957,33458.670
2010-06-23,9.789,9.985,9.732,9.929,39507.010
2010-06-24,9.798,10.004,9.723,9.836,38363.650
2010-06-25,9.461,9.845,9.367,9.742,37415.920
2010-06-29,8.674,9.395,8.627,9.395,62612.740
2010-06-30,8.515,8.637,8.243,8.580,64491.560
2010-07-01,8.206,8.590,8.103,8.524,52462.010
2010-07-02,8.065,8.262,7.681,8.243,57539.020
2010-07-05,8.074,8.206,7.831,7.943,54915.530
2010-07-06,8.299,8.309,7.943,8.056,58260.650
2010-07-07,8.393,8.412,8.215,8.309,44338.390
2010-07-08,8.337,8.515,8.215,8.402,51709.060
2010-07-09,8.515,8.618,8.271,8.337,66308.520
2010-07-12,8.543,8.711,8.477,8.515,57343.000
2010-07-13,8.252,8.515,8.234,8.515,52851.710
2010-07-14,8.402,8.562,8.262,8.262,45366.820
2010-07-15,8.271,8.543,8.252,8.477,32430.340
2010-07-16,8.319,8.328,8.093,8.290,24179.590
2010-07-19,8.507,8.545,8.017,8.224,38141.920
2010-07-20,8.846,8.893,8.516,8.526,103048.320
2010-07-21,9.006,9.082,8.790,8.884,104094.930
2010-07-22,9.383,9.477,8.884,9.006,90929.320
2010-07-23,9.270,9.402,9.119,9.402,69877.260
2010-07-26,9.572,9.666,9.166,9.280,82660.830
2010-07-27,9.411,9.590,9.317,9.581,50155.550
2010-07-28,9.534,9.562,9.298,9.411,55085.750
2010-07-29,9.590,9.703,9.468,9.534,54777.250
2010-07-30,9.534,9.590,9.355,9.515,40945.260
2010-08-02,10.109,10.212,9.477,9.524,116577.150
2010-08-03,9.807,10.165,9.798,10.109,79635.430
2010-08-04,9.930,10.005,9.581,9.835,89266.480
2010-08-05,10.071,10.269,9.807,9.892,102590.450
2010-08-06,10.259,10.269,9.939,10.109,71895.390
2010-08-09,10.523,10.589,10.259,10.259,71244.000
2010-08-10,10.250,10.608,10.240,10.551,77536.790
2010-08-11,10.325,10.429,10.156,10.203,37610.900
2010-08-12,10.024,10.222,9.421,10.222,55629.660
2010-08-13,10.401,10.419,9.948,9.996,65707.960
2010-08-16,10.919,10.938,10.438,10.457,126219.230
2010-08-17,11.004,11.164,10.702,10.919,131737.810
2010-08-18,11.230,11.371,11.004,11.004,109471.860
2010-08-19,11.069,11.305,11.022,11.230,91062.840
2010-08-20,10.580,11.107,10.504,11.051,122087.130
2010-08-23,10.834,10.909,10.608,10.608,52312.860
2010-08-24,11.183,11.258,10.787,10.834,70270.610
2010-08-25,10.966,11.277,10.966,11.069,53059.110
2010-08-26,11.277,11.286,11.004,11.032,67765.000
2010-08-27,11.305,11.371,11.135,11.333,37703.000
2010-08-30,11.446,11.606,11.277,11.522,90264.000
2010-08-31,11.588,11.729,11.333,11.493,80960.000
2010-09-01,11.748,12.172,11.541,11.776,165674.000
2010-09-02,12.539,12.615,11.729,11.880,155701.000
2010-09-03,12.483,12.680,12.351,12.549,73825.000
2010-09-06,12.596,13.547,12.511,12.907,165911.000
2010-09-07,12.454,12.671,12.219,12.417,101414.000
2010-09-08,12.426,12.436,12.068,12.360,77439.000
2010-09-09,12.388,12.907,12.332,12.530,87958.000
2010-09-10,13.632,13.632,11.927,12.341,326936.000
2010-09-13,14.913,14.998,14.188,14.998,607423.000
2010-09-14,14.263,14.593,14.141,14.273,346626.000
2010-09-15,14.753,15.639,14.046,14.112,493560.000
2010-09-16,13.745,14.329,13.330,14.320,273982.000
2010-09-17,13.849,14.018,13.453,13.764,160886.000
2010-09-20,12.907,13.707,12.897,13.660,129724.000
2010-09-21,12.690,13.067,12.624,12.907,76725.000
2010-09-27,13.133,13.217,12.417,12.822,111062.000
2010-09-28,12.859,12.991,12.624,12.907,107989.000
2010-09-29,12.473,12.897,12.473,12.859,69316.000
2010-09-30,12.624,12.718,12.360,12.417,61255.000
2010-10-08,12.907,13.170,12.718,12.718,98806.000
2010-10-11,13.189,13.208,12.473,12.907,228730.000
2010-10-12,12.916,13.104,12.718,12.982,143843.000
2010-10-13,12.690,12.963,12.473,12.925,141519.000
2010-10-14,11.861,12.718,11.776,12.699,190084.000
2010-10-15,12.049,12.200,11.635,11.861,143177.000
2010-10-18,11.955,12.096,11.409,12.059,101127.000
2010-10-19,12.549,12.671,11.785,11.870,135939.000
2010-10-20,12.822,12.878,12.153,12.228,187037.000
2010-10-21,13.001,13.086,12.643,12.822,147480.000
2010-10-22,12.746,13.142,12.680,13.048,109159.000
2010-10-25,12.841,12.888,12.586,12.765,107006.000
2010-10-26,13.387,13.688,12.605,12.841,255011.000
2010-10-27,13.557,14.631,13.425,14.395,355371.000
2010-10-28,13.604,13.773,12.841,13.283,190081.000
2010-10-29,13.255,13.462,13.199,13.236,98273.000
2010-11-01,13.519,13.660,13.180,13.265,149872.000
2010-11-02,13.180,13.557,13.151,13.538,135984.000
2010-11-03,12.888,13.161,12.859,13.095,88408.000
2010-11-04,13.293,13.406,12.831,12.888,112848.000
2010-11-05,13.717,13.802,13.180,13.283,185223.000
2010-11-08,13.726,13.820,13.425,13.754,121711.000
2010-11-09,14.263,14.273,13.604,13.745,233982.000
2010-11-10,14.565,15.526,14.188,14.367,392052.000
2010-11-11,14.188,14.923,14.150,14.923,226967.000
2010-11-12,13.274,14.649,13.170,14.188,183148.000
2010-11-15,13.896,13.915,13.208,13.396,121763.000
2010-11-16,13.613,14.470,13.330,13.811,182143.000
2010-11-17,12.709,13.481,12.624,13.425,100768.000
2010-11-18,13.123,13.161,12.765,12.812,69692.000
2010-11-19,13.566,13.613,13.029,13.151,65584.000
2010-11-22,14.489,14.574,13.340,13.378,192896.000
2010-11-23,14.885,15.017,14.141,14.320,306836.000
2010-11-24,15.714,16.317,14.508,14.602,404759.000
2010-11-25,17.287,17.287,15.648,15.686,407765.000
2010-11-26,16.863,17.692,16.543,17.381,220840.000
2010-11-29,17.221,17.542,16.581,17.240,180917.000
2010-11-30,16.157,17.146,15.497,17.146,206194.000
2010-12-01,16.307,16.477,15.554,15.808,117431.000
2010-12-02,16.656,17.240,15.912,16.355,126407.000
2010-12-03,15.949,16.600,15.733,16.543,74453.000
2010-12-06,15.375,16.063,15.092,15.940,55779.000
2010-12-07,15.733,15.949,15.252,15.252,50859.000
2010-12-08,16.015,16.289,15.620,15.714,62457.000
2010-12-09,15.667,16.157,15.356,15.808,37989.000
2010-12-10,15.761,15.940,15.365,15.526,53471.000
2010-12-13,16.600,16.722,15.705,15.733,96078.000
2010-12-14,16.637,16.722,16.298,16.600,58125.000
2010-12-15,17.127,17.297,16.439,16.647,88833.000
2010-12-16,16.863,17.212,16.816,17.014,53938.000
2010-12-17,16.439,16.910,16.251,16.863,43346.000
2010-12-20,18.088,18.088,16.355,16.411,255154.000
2010-12-21,17.890,18.559,17.570,17.805,155040.000
2010-12-22,19.162,19.595,17.909,18.041,175230.000
2010-12-23,17.589,19.388,17.429,18.729,185174.000
2010-12-24,17.118,17.871,16.863,17.118,144162.000
2010-12-27,16.468,17.900,16.260,17.099,145779.000
2010-12-28,16.110,16.713,15.535,16.486,86081.000
2010-12-29,17.721,17.721,16.392,16.524,249254.000
2010-12-31,19.492,19.492,18.540,18.540,212911.000
2011-01-04,20.641,21.442,18.917,20.340,321199.000
2011-01-05,22.704,22.704,20.095,20.095,193078.000
2011-01-06,23.769,24.975,23.185,24.306,536862.000
2011-01-07,22.968,24.108,22.488,23.505,262356.000
2011-01-10,21.338,23.175,21.008,22.977,307146.000
2011-01-11,21.197,21.724,20.811,21.027,234591.000
2011-01-12,21.310,21.856,20.632,21.253,188023.000
2011-01-13,21.263,21.545,20.509,21.225,150455.000
2011-01-14,20.443,21.649,20.349,21.263,139757.000
2011-01-17,19.680,20.255,19.322,20.066,151750.000
2011-01-18,20.057,20.283,19.454,19.454,145032.000
2011-01-19,20.735,20.905,19.605,19.878,137964.000
2011-01-20,18.738,20.594,18.672,20.594,162684.000
2011-01-21,18.342,18.738,17.918,18.342,119819.000
2011-01-24,16.863,18.653,16.779,18.503,162779.000
2011-01-25,16.590,17.202,16.373,16.863,121069.000
2011-01-26,16.957,17.136,16.581,16.665,79457.000
2011-01-27,17.721,18.041,16.421,16.863,173153.000
2011-01-28,18.145,18.512,17.381,17.692,134920.000
2011-01-31,17.984,18.248,17.570,17.900,109084.000
2011-02-01,18.069,18.352,17.626,17.909,81734.000
2011-02-09,17.542,18.088,17.429,17.890,74909.000
2011-02-10,19.294,19.294,17.447,17.523,103538.000
2011-02-11,20.716,21.225,19.595,20.255,486674.000
2011-02-14,21.244,21.932,20.349,20.914,290461.000
2011-02-15,20.886,21.121,20.424,20.895,231268.000
2011-02-16,21.121,21.837,20.650,20.726,198336.000
2011-02-17,21.056,21.084,20.236,20.914,206025.000
2011-02-18,21.527,21.856,20.490,20.773,272748.000
2011-02-21,22.186,22.497,21.008,21.291,249104.000
2011-02-22,20.170,22.120,20.066,21.856,288095.000
2011-02-23,20.500,21.187,20.066,20.208,199899.000
2011-02-24,20.349,21.008,19.737,20.255,132679.000
2011-02-25,20.415,20.811,19.972,20.170,91797.000
2011-02-28,20.547,20.679,20.066,20.537,100685.000
2011-03-01,20.811,21.291,20.585,20.726,144745.000
2011-03-02,22.751,22.893,20.358,20.537,486944.000
2011-03-03,21.677,22.431,21.479,22.290,258846.000
2011-03-04,21.461,22.101,20.745,21.932,189920.000
2011-03-07,21.414,21.658,21.272,21.385,160525.000
2011-03-08,22.111,22.233,20.942,21.385,241219.000
2011-03-09,21.640,22.233,21.385,22.186,147009.000
2011-03-10,21.517,22.026,21.338,21.574,99283.000
2011-03-11,20.895,21.621,20.773,21.338,173222.000
2011-03-14,21.235,21.527,20.613,20.773,147157.000
2011-03-15,20.603,21.187,20.255,21.187,121644.000
2011-03-16,20.698,20.820,20.396,20.462,88890.000
2011-03-17,20.745,21.300,20.632,20.707,124947.000
2011-03-18,20.613,21.244,20.490,20.726,81428.000
2011-03-21,20.000,20.585,19.784,20.537,110060.000
2011-03-22,19.558,20.189,19.294,20.113,109603.000
2011-03-23,19.972,20.010,19.275,19.624,99392.000
2011-03-24,20.161,20.406,19.737,19.850,89458.000
2011-03-25,20.029,20.236,19.859,20.066,81548.000
2011-03-28,19.454,20.019,19.332,20.019,106869.000
2011-03-29,18.936,19.690,18.842,19.322,97074.000
2011-03-30,18.766,19.218,18.682,18.926,61729.000
2011-03-31,18.079,18.653,17.768,18.616,92090.000
2011-04-01,18.286,18.352,17.711,18.126,58396.000
2011-04-06,17.918,18.229,17.711,18.229,55934.000
2011-04-07,18.399,18.512,17.909,18.041,67097.000
2011-04-08,18.672,18.729,18.126,18.446,62857.000
2011-04-11,18.305,18.672,18.286,18.634,55872.000
2011-04-12,18.427,18.719,18.314,18.324,51519.000
2011-04-13,19.068,19.105,18.182,18.437,82920.000
2011-04-14,18.879,19.002,18.700,18.917,52434.000
2011-04-15,18.361,18.804,18.097,18.747,67558.000
2011-04-18,18.088,18.229,17.900,18.229,48393.000
2011-04-19,17.975,18.163,17.664,17.909,58599.000
2011-04-20,18.634,18.851,17.805,18.022,84025.000
2011-04-21,18.512,18.936,18.276,18.606,70415.000
2011-04-22,18.437,18.795,18.371,18.465,44815.000
2011-04-25,17.513,18.314,17.504,18.276,66721.000
2011-04-26,17.071,17.758,16.957,17.532,41365.000
2011-04-27,16.760,17.315,16.637,17.042,36328.000
2011-04-28,16.063,16.957,16.015,16.760,40634.000
2011-04-29,16.289,16.336,16.015,16.015,27045.000
2011-05-03,16.665,16.741,16.289,16.298,25069.000
2011-05-04,16.760,17.221,16.505,16.675,57147.000
2011-05-05,16.929,17.202,16.779,17.014,41004.000
2011-05-06,16.835,16.948,16.015,16.769,33271.000
2011-05-09,17.127,17.381,16.854,16.939,38950.000
2011-05-10,16.901,17.127,16.722,17.108,30147.000
2011-05-11,16.797,16.948,16.430,16.901,32109.000
2011-05-12,16.270,16.741,16.204,16.741,33678.000
2011-05-13,15.874,16.477,15.460,16.157,54618.000
2011-05-16,15.657,15.997,15.639,15.827,25212.000
2011-05-17,15.639,15.799,15.186,15.544,57033.000
2011-05-18,16.063,16.110,15.450,15.544,53348.000
2011-05-19,16.006,16.279,15.931,16.176,51397.000
2011-05-20,16.100,16.147,15.733,15.733,28512.000
2011-05-23,15.573,16.119,15.365,16.100,35692.000
2011-05-24,15.620,16.006,15.563,15.686,33625.000
2011-05-25,15.243,15.808,15.224,15.733,26552.000
2011-05-26,14.697,15.507,14.678,15.318,48932.000
2011-05-27,14.216,14.857,14.131,14.697,43490.000
2011-05-30,13.858,14.282,13.754,14.207,31571.000
2011-05-31,14.273,14.320,13.839,13.905,38110.000
2011-06-01,14.527,14.649,14.150,14.395,41129.000
2011-06-02,14.216,14.414,13.943,14.235,36695.000
2011-06-03,14.583,14.668,14.178,14.225,46876.000
2011-06-07,15.064,15.450,14.612,14.612,77754.000
2011-06-08,14.923,15.045,14.602,15.017,44183.000
2011-06-09,14.395,14.979,14.367,14.697,39082.000
2011-06-10,14.565,14.697,14.122,14.339,29296.000
2011-06-13,14.480,14.583,14.188,14.536,20179.000
2011-06-14,14.913,14.932,14.499,14.508,50697.000
2011-06-15,14.574,14.979,14.489,14.847,31973.000
2011-06-16,14.046,14.489,14.037,14.489,43665.000
2011-06-17,14.065,14.367,13.943,14.225,24629.000
2011-06-20,13.773,14.348,13.688,14.225,30767.000
2011-06-22,13.905,14.197,13.820,13.943,25727.000
2011-06-23,14.056,14.197,13.679,13.924,29720.000
2011-06-24,14.725,14.734,13.952,13.952,74697.000
2011-06-27,14.715,14.857,14.602,14.687,75281.000
2011-06-28,15.054,15.054,14.621,14.744,69577.000
2011-06-29,14.706,15.168,14.602,15.007,56907.000
2011-06-30,14.819,14.932,14.631,14.631,38624.000
2011-07-01,14.875,15.054,14.819,14.857,44073.000
2011-07-04,15.299,15.356,14.913,14.998,79365.000
2011-07-05,15.252,15.337,15.017,15.309,60950.000
2011-07-06,15.629,15.893,14.989,15.168,108098.000
2011-07-07,15.516,15.827,15.328,15.544,89005.000
2011-07-08,15.507,15.657,15.384,15.563,38109.000
2011-07-11,15.544,15.620,15.252,15.403,39996.000
2011-07-12,14.970,15.431,14.932,15.318,58991.000
2011-07-13,15.205,15.243,14.979,14.979,42196.000
2011-07-14,15.827,15.884,15.215,15.262,119408.000
2011-07-15,16.319,16.451,15.761,15.875,132668.000
2011-07-18,16.026,16.763,15.969,16.319,122247.000
2011-07-19,15.790,16.300,15.582,15.884,59823.000
2011-07-20,16.186,16.281,15.827,15.856,78781.000
2011-07-21,15.856,16.271,15.827,16.186,35778.000
2011-07-22,15.988,16.271,15.875,15.875,39669.000
2011-07-25,15.043,15.969,14.977,15.894,53686.000
2011-07-26,15.053,15.156,14.769,15.043,24559.000
2011-07-27,15.714,16.045,14.741,15.015,75194.000
2011-07-28,16.460,16.867,15.402,15.459,202939.000
2011-07-29,16.375,16.905,16.215,16.536,142180.000
2011-08-01,16.621,16.706,16.158,16.234,86577.000
2011-08-02,16.224,16.678,15.733,16.451,96671.000
2011-08-03,16.101,16.413,15.865,16.016,56816.000
2011-08-04,16.026,16.243,15.865,16.243,62951.000
2011-08-05,15.468,15.780,15.071,15.308,52755.000
2011-08-08,14.155,15.213,14.051,15.213,100823.000
2011-08-09,13.805,14.127,13.115,13.418,82742.000
2011-08-10,14.023,14.438,13.919,14.155,69245.000
2011-08-11,14.344,14.372,13.323,13.323,61410.000
2011-08-12,14.637,14.911,14.363,14.504,67180.000
2011-08-15,14.693,14.741,14.410,14.656,51465.000
2011-08-16,14.457,14.722,14.401,14.712,34859.000
2011-08-17,14.297,14.552,14.230,14.353,25011.000
2011-08-18,14.098,14.476,14.079,14.363,24114.000
2011-08-19,13.938,13.947,13.607,13.796,24201.000
2011-08-22,13.777,14.127,13.777,13.938,16111.000
2011-08-23,14.013,14.013,13.720,13.834,16836.000
2011-08-24,14.164,14.344,14.079,14.108,32475.000
2011-08-25,14.372,14.438,14.127,14.268,40346.000
2011-08-26,14.467,14.476,14.249,14.353,27204.000
2011-08-29,14.221,14.448,14.193,14.297,27256.000
2011-08-30,14.070,14.429,14.041,14.287,37829.000
2011-08-31,14.079,14.164,13.900,14.098,20531.000
2011-09-01,14.041,14.164,13.890,14.164,25589.000
2011-09-02,14.041,14.098,13.777,13.985,23232.000
2011-09-05,13.616,13.985,13.493,13.975,18607.000
2011-09-06,13.418,13.607,13.342,13.456,14454.000
2011-09-07,13.607,13.654,13.418,13.418,20259.000
2011-09-08,13.994,14.353,13.427,13.607,46225.000
2011-09-09,13.711,14.060,13.664,13.805,19129.000
2011-09-13,13.380,13.512,13.172,13.512,16631.000
2011-09-14,13.446,13.493,13.172,13.399,11899.000
2011-09-15,13.456,13.560,13.418,13.456,13221.000
2011-09-16,13.427,13.701,13.418,13.446,8447.000
2011-09-19,13.012,13.408,12.993,13.408,22173.000
2011-09-20,13.021,13.115,12.917,12.945,18273.000
2011-09-21,13.550,13.560,12.898,13.059,37150.000
2011-09-22,13.106,13.418,13.068,13.418,18579.000
2011-09-23,12.785,12.945,12.378,12.851,17540.000
2011-09-26,12.435,12.813,12.360,12.756,14814.000
2011-09-27,12.492,12.652,12.407,12.539,10102.000
2011-09-28,12.369,12.671,12.360,12.671,11055.000
2011-09-29,11.868,12.378,11.783,12.341,21148.000
2011-09-30,11.670,12.076,11.604,11.868,18121.000
2011-10-10,11.320,11.840,11.197,11.651,25721.000
2011-10-11,11.122,11.679,10.848,11.679,27899.000
2011-10-12,11.528,11.566,10.848,11.018,30508.000
2011-10-13,11.632,11.774,11.528,11.528,29718.000
2011-10-14,11.594,11.689,11.481,11.566,18631.000
2011-10-17,11.566,11.736,11.386,11.594,21560.000
2011-10-18,11.046,11.500,10.961,11.434,27832.000
2011-10-19,11.008,11.188,10.867,11.056,12151.000
2011-10-20,10.536,11.103,10.441,11.093,18639.000
2011-10-21,10.337,10.583,10.281,10.574,15841.000
2011-10-24,10.583,10.640,10.205,10.404,17318.000
2011-10-25,11.027,11.084,10.517,10.583,43475.000
2011-10-26,11.358,11.585,10.848,10.942,50962.000
2011-10-27,11.367,11.717,11.320,11.424,33095.000
2011-10-28,11.689,11.764,11.396,11.575,41825.000
2011-10-31,11.802,11.811,11.443,11.689,37203.000
2011-11-01,11.934,12.067,11.537,11.632,43116.000
2011-11-02,11.944,12.057,11.481,11.698,38278.000
2011-11-03,12.388,12.511,11.982,11.982,66471.000
2011-11-04,12.416,12.634,12.312,12.520,32257.000
2012-03-28,13.654,13.654,12.284,12.473,264896.000
2012-03-29,13.446,14.788,13.125,13.418,294937.000
2012-03-30,12.435,13.446,12.104,13.059,192911.000
2012-04-05,12.690,12.813,11.764,12.237,134305.000
2012-04-06,12.369,12.756,12.142,12.454,117218.000
2012-04-09,11.726,12.265,11.660,12.265,97947.000
2012-04-10,11.830,11.849,11.339,11.575,84555.000
2012-04-11,11.717,11.764,11.500,11.623,52705.000
2012-04-13,12.067,12.265,11.906,12.000,118079.000
2012-04-16,11.793,11.953,11.717,11.953,59793.000
2012-04-17,12.104,12.520,11.717,11.717,115617.000
2012-04-18,12.265,12.369,11.887,12.114,85558.000
2012-04-19,12.407,12.596,12.274,12.274,85576.000
2012-04-20,12.397,12.567,12.152,12.426,77659.000
2012-04-23,12.926,12.993,12.293,12.378,124178.000
2012-04-24,12.558,12.870,12.246,12.851,80525.000
2012-04-25,12.567,12.643,12.274,12.473,51842.000
2012-04-26,12.303,12.558,12.284,12.549,58849.000
2012-04-27,12.435,12.652,12.331,12.331,46509.000
2012-05-02,12.671,12.747,12.463,12.681,64662.000
2012-05-03,13.938,13.938,12.539,12.567,188326.000
2012-05-04,13.938,14.627,13.749,14.079,180869.000
2012-05-07,14.731,15.327,13.824,13.824,169803.000
2012-05-08,15.015,15.374,14.438,14.618,174987.000
2012-05-09,15.327,15.582,14.712,14.930,151013.000
2012-05-10,16.328,16.857,15.431,15.431,320249.000
2012-05-11,17.963,17.963,16.432,16.442,334559.000
2012-05-14,19.758,19.758,19.758,19.758,86432.000
2012-05-15,18.993,21.601,18.709,20.788,783485.000
2012-05-16,20.278,20.883,18.379,18.917,620070.000
2012-05-17,18.974,19.428,18.435,19.078,335356.000
2012-05-18,19.402,20.180,18.756,19.079,305531.000
2012-05-21,20.199,20.560,19.003,19.383,286292.000
2012-05-22,21.092,22.032,19.895,20.019,393487.000
2012-05-23,23.200,23.200,20.722,20.874,440899.000
2012-05-24,23.666,23.894,22.317,23.115,495045.000
2012-05-25,22.953,23.789,22.820,23.343,264240.000
2012-05-28,21.273,22.051,20.988,21.871,384727.000
2012-05-29,21.947,23.077,21.795,21.833,359162.000
2012-05-30,22.488,22.782,21.462,22.042,263089.000
2012-05-31,22.137,22.934,22.089,22.412,221508.000
2012-06-01,21.966,22.298,21.614,21.871,168578.000
2012-06-04,22.849,23.409,21.719,22.089,340677.000
2012-06-05,22.697,24.197,22.517,22.725,385310.000
2012-06-06,21.510,22.621,21.282,22.118,277682.000
2012-06-07,21.757,21.918,21.367,21.538,166062.000
2012-06-08,20.855,21.880,20.760,21.842,223759.000
2012-06-11,20.323,20.893,19.516,20.703,214287.000
2012-06-12,20.370,20.902,20.076,20.123,156414.000
2012-06-13,20.826,21.083,20.180,20.465,149332.000
2012-06-14,20.342,20.864,20.180,20.864,122914.000
2012-06-15,20.275,20.722,20.085,20.304,124324.000
2012-06-18,21.795,21.842,20.399,20.427,217780.000
2012-06-19,23.637,23.884,21.424,21.785,486964.000
2012-06-20,22.469,23.742,22.327,23.590,266891.000
2012-06-21,21.975,22.792,21.681,21.985,151735.000
2012-06-25,21.216,22.346,20.798,21.586,150713.000
2012-06-26,20.636,21.367,20.399,21.235,101373.000
2012-06-27,20.627,20.969,20.114,20.779,107278.000
2012-06-28,21.168,21.814,20.418,20.798,149748.000
2012-06-29,21.766,21.842,21.083,21.178,122963.000
2012-07-02,22.051,22.669,21.652,22.194,143325.000
2012-07-03,21.690,22.156,21.624,22.042,91977.000
2012-07-04,22.896,23.219,21.197,21.652,236377.000
2012-07-05,21.804,23.200,21.738,22.716,210713.000
2012-07-06,23.162,23.495,21.652,21.814,208347.000
2012-07-09,24.406,25.480,23.029,23.124,323643.000
2012-07-10,24.302,24.929,24.122,24.273,172423.000
2012-07-11,26.733,26.733,24.112,24.112,284385.000
2012-07-12,26.496,27.901,25.783,26.876,352966.000
2012-07-13,29.145,29.145,26.163,26.163,356458.000
2012-07-16,29.706,32.061,28.775,29.848,528758.000
2012-07-17,29.345,30.247,27.398,29.079,357972.000
2012-07-18,27.654,28.917,26.496,28.727,322587.000
2012-07-19,27.464,28.063,26.999,27.179,219903.000
2012-07-20,25.850,27.673,25.774,27.141,325934.000
2012-07-23,25.774,26.277,25.375,25.584,179606.000
2012-07-24,26.486,27.132,25.195,25.736,268931.000
2012-07-25,25.850,26.496,25.432,25.926,156793.000
2012-07-26,24.615,26.353,24.511,25.527,191641.000
2012-07-27,23.922,24.929,23.210,24.815,227683.000
2012-07-30,22.820,24.454,22.631,23.742,163050.000
2012-07-31,23.248,23.637,22.688,22.801,162522.000
2012-08-01,24.245,24.501,22.944,22.982,215784.000
2012-08-02,24.948,25.546,24.027,24.254,239076.000
2012-08-03,24.862,25.204,24.292,25.090,143181.000
2012-08-06,25.014,25.052,24.122,24.663,156217.000
2012-08-07,23.837,24.691,23.628,24.691,241354.000
2012-08-08,24.454,24.805,23.314,23.647,196223.000
2012-08-09,24.663,24.796,23.742,24.302,153770.000
2012-08-10,24.910,26.192,24.786,24.995,216690.000
2012-08-13,25.461,26.116,23.951,24.691,204383.000
2012-08-14,26.610,26.724,25.176,25.176,230976.000
2012-08-15,25.774,26.876,25.736,26.610,154619.000
2012-08-16,24.862,26.277,24.359,25.546,139550.000
2012-08-17,25.119,25.252,23.789,24.520,116610.000
2012-08-20,24.824,25.071,24.406,24.720,63761.000
2012-08-21,25.138,25.565,24.786,24.843,80235.000
2012-08-22,25.641,26.211,25.195,25.527,134204.000
2012-08-23,25.992,26.211,24.891,25.546,119251.000
2012-08-24,24.995,26.097,24.957,25.869,96252.000
2012-08-27,24.330,25.413,24.235,24.910,95895.000
2012-08-28,23.542,24.463,22.820,24.131,126826.000
2012-08-29,23.229,23.799,22.896,23.343,81910.000
2012-08-30,21.102,23.428,20.902,23.238,150860.000
2012-08-31,20.817,21.339,20.285,20.988,98881.000
2012-09-03,21.652,21.776,20.465,20.798,93077.000
2012-09-04,21.909,22.469,21.842,21.842,94216.000
2012-09-05,21.842,22.099,21.462,21.909,56613.000
2012-09-06,22.194,22.317,21.842,21.842,49000.000
2012-09-07,22.963,23.457,22.365,22.507,110959.000
2012-09-10,22.877,23.267,22.555,23.172,85426.000
2012-09-11,22.517,22.763,22.260,22.763,58856.000
2012-09-12,22.754,22.972,22.203,22.773,62337.000
2012-09-13,23.761,24.264,22.811,22.811,194106.000
2012-09-14,23.238,23.742,22.991,23.618,91269.000
2012-09-17,22.896,24.027,22.877,23.466,71292.000
2012-09-18,21.947,22.868,21.415,22.773,72941.000
2012-09-19,22.061,22.460,21.700,21.700,49265.000
2012-09-20,21.481,22.782,21.443,22.222,82262.000
2012-09-21,20.313,21.519,20.209,21.481,111372.000
2012-09-24,20.190,20.275,19.459,19.905,80103.000
2012-09-25,20.161,20.589,19.858,20.133,51992.000
2012-09-26,19.079,20.456,18.851,20.038,88527.000
2012-09-27,19.506,19.715,18.623,19.079,102457.000
2012-09-28,19.753,19.810,19.145,19.278,79486.000
2012-10-08,19.990,20.066,19.563,19.772,57612.000
2012-10-09,21.994,21.994,19.943,19.943,211940.000
2012-10-10,22.517,23.172,21.747,22.089,173990.000
2012-10-11,21.937,22.688,21.899,22.317,94518.000
2012-10-12,22.146,22.488,21.567,21.852,66991.000
2012-10-15,22.327,22.460,21.747,22.032,61861.000
2012-10-16,22.251,22.972,22.118,22.175,89067.000
2012-10-17,22.659,22.915,21.842,22.488,99640.000
2012-10-18,22.849,22.944,22.431,22.669,85091.000
2012-10-19,22.488,22.944,22.422,22.944,46392.000
2012-10-22,22.213,22.365,22.032,22.317,43939.000
2012-10-23,21.443,22.488,21.320,22.213,75446.000
2012-10-24,20.959,21.348,20.703,21.292,72834.000
2012-10-25,20.788,21.538,20.779,21.320,70076.000
2012-10-26,20.199,20.874,19.744,20.665,95249.000
2012-10-29,20.456,20.513,19.886,20.180,40770.000
2012-10-30,20.570,20.988,20.085,20.304,50146.000
2012-10-31,20.427,20.798,20.285,20.551,35827.000
2012-11-01,21.235,21.254,20.437,20.437,70039.000
2012-11-02,21.235,21.415,21.016,21.273,48482.000
2012-11-05,20.655,21.187,20.570,21.178,53229.000
2012-11-06,20.228,20.760,19.962,20.665,55934.000
2012-11-07,20.190,20.389,20.047,20.228,28688.000
2012-11-08,19.649,20.313,19.639,20.019,50771.000
2012-11-09,19.335,19.924,19.278,19.563,80386.000
2012-11-12,19.563,19.734,18.984,19.212,49375.000
2012-11-13,19.031,19.630,18.908,19.516,38093.000
2012-11-14,19.183,19.231,18.594,19.050,41127.000
2012-11-15,18.110,19.183,18.072,19.050,62547.000
2012-11-16,18.300,18.462,17.711,17.996,51752.000
2012-11-19,18.063,18.310,17.284,18.234,60490.000
2012-11-20,17.825,18.139,17.797,18.091,39444.000
2012-11-21,18.044,18.091,17.189,17.730,50575.000
2012-11-22,17.426,17.987,17.360,17.987,35888.000
2012-12-03,15.688,17.569,15.688,17.569,92241.000
2012-12-04,15.821,16.106,14.340,15.223,95608.000
2012-12-05,16.135,16.477,15.233,15.622,80480.000
2012-12-06,16.258,16.477,15.973,16.144,46242.000
2012-12-07,16.572,16.648,16.049,16.258,62618.000
2012-12-10,18.234,18.234,16.439,16.543,104734.000
2012-12-11,18.063,18.841,17.996,18.234,115294.000
2012-12-12,17.920,18.310,17.464,18.082,65298.000
2012-12-13,18.319,19.402,17.711,17.711,96290.000
2012-12-14,18.870,18.965,18.044,18.348,85972.000
2012-12-17,18.604,18.898,18.215,18.889,107421.000
2012-12-18,18.594,19.079,18.376,18.613,74336.000
2012-12-19,18.376,18.765,18.139,18.594,51156.000
2012-12-20,18.034,18.329,17.740,18.329,72418.000
2012-12-21,18.528,19.183,17.816,18.091,140501.000
2012-12-24,18.784,18.794,18.186,18.424,87102.000
2012-12-25,18.974,19.221,18.499,18.680,143540.000
2012-12-26,19.012,19.136,18.642,18.993,95629.000
2012-12-27,18.424,19.174,18.424,19.041,93786.000
2012-12-28,18.405,18.623,18.215,18.462,78965.000
2012-12-31,18.443,18.594,18.129,18.566,82973.000
2013-01-04,18.803,19.259,18.613,18.974,120843.000
2013-01-07,20.684,20.684,19.003,19.003,249016.000
2013-01-08,21.358,21.985,20.893,21.273,263984.000
2013-01-09,21.083,21.367,20.513,21.367,149236.000
2013-01-10,21.111,21.500,20.798,21.083,100856.000
2013-01-11,20.446,21.254,20.418,21.168,98434.000
2013-01-14,21.424,21.700,20.228,20.228,173061.000
2013-01-15,21.861,22.222,21.102,21.491,187296.000
2013-01-16,22.108,22.507,21.576,21.852,141831.000
2013-01-17,22.669,23.153,22.222,22.308,143931.000
2013-01-18,22.517,22.725,22.127,22.583,79411.000
2013-01-21,22.070,22.583,21.795,22.507,84509.000
2013-01-22,21.301,22.070,21.159,22.032,77164.000
2013-01-23,21.263,21.329,20.902,20.988,57575.000
2013-01-24,20.779,21.709,20.760,21.367,83920.000
2013-01-25,22.498,22.602,20.703,20.703,152436.000
2013-01-28,22.972,23.153,22.317,22.460,142719.000
2013-01-29,23.960,24.691,22.697,22.944,149557.000
2013-01-30,23.533,24.397,23.514,23.770,99669.000
2013-01-31,23.941,24.292,23.647,23.723,80309.000
2013-02-01,23.913,24.786,23.466,24.577,87865.000
2013-02-04,23.067,24.197,22.773,23.647,91049.000
2013-02-05,24.330,24.359,22.678,22.792,92715.000
2013-02-06,25.783,26.524,24.027,24.387,194924.000
2013-02-07,25.622,26.458,25.461,25.641,97152.000
2013-02-08,25.821,26.562,25.271,25.356,83925.000
2013-02-18,26.743,27.065,25.309,25.821,115465.000
2013-02-19,26.087,27.844,25.650,26.733,197549.000
2013-02-20,27.303,27.787,25.831,25.831,152374.000
2013-02-21,26.600,27.721,26.258,27.284,127453.000
2013-02-22,26.125,26.781,25.840,26.591,86316.000
2013-02-25,26.268,26.800,26.021,26.258,67987.000
2013-02-26,25.147,26.391,25.081,26.040,110063.000
2013-02-27,25.138,25.783,24.501,25.166,95717.000
2013-02-28,26.733,26.781,25.166,25.261,140011.000
2013-03-01,26.866,27.635,26.429,26.828,128939.000
2013-03-04,26.287,27.018,25.926,26.648,98079.000
2013-03-05,27.578,27.873,26.591,27.350,163600.000
2013-03-06,27.740,28.528,27.322,27.540,123831.000
2013-03-07,26.629,27.958,25.641,27.939,177435.000
2013-03-08,26.572,27.635,26.116,26.667,94836.000
2013-03-11,25.508,26.306,24.881,26.306,146369.000
2013-03-12,25.280,26.059,24.406,25.375,112450.000
2013-03-13,25.204,25.451,24.216,25.119,80762.000
2013-03-14,24.558,25.375,24.311,25.318,65748.000
2013-03-15,25.328,25.783,24.264,24.549,112283.000
2013-03-19,25.195,25.631,24.197,25.347,65660.000
2013-03-20,26.268,26.296,24.862,25.071,98562.000
2013-03-21,26.467,26.809,26.116,26.173,81027.000
2013-03-22,29.117,29.117,26.600,26.600,239045.000
2013-03-25,29.819,31.054,28.385,29.079,221302.000
2013-03-26,30.874,31.149,29.069,29.392,188216.000
2013-03-27,30.095,31.159,29.914,30.085,134359.000
2013-03-28,28.680,29.639,28.490,28.965,133128.000
2013-03-29,31.064,31.529,27.740,28.490,230519.000
2013-04-01,31.026,31.681,30.484,31.196,110807.000
2013-04-02,30.171,31.937,29.658,30.817,128262.000
2013-04-03,29.421,31.700,28.965,30.380,128101.000
2013-04-08,32.365,32.365,30.275,30.579,330519.000
2013-04-09,30.722,32.289,30.503,31.823,207379.000
2013-04-10,30.142,31.301,29.525,30.513,126503.000
2013-04-11,29.838,30.665,29.345,30.541,81853.000
2013-04-12,29.848,30.380,29.107,29.725,70284.000
2013-04-15,30.237,30.864,30.009,30.380,79913.000
2013-04-16,29.876,30.142,29.316,29.810,60804.000
2013-04-17,32.013,32.564,29.819,29.914,180736.000
2013-04-18,31.928,32.194,31.339,31.576,90868.000
2013-04-19,32.583,33.172,31.814,31.814,108596.000
2013-04-22,33.276,33.571,32.649,32.649,101167.000
2013-04-23,32.156,33.419,31.994,33.267,90217.000
2013-04-24,34.853,35.100,32.118,32.194,136740.000
2013-04-25,34.264,36.230,33.789,34.663,145943.000
2013-04-26,33.286,35.100,32.991,33.400,133212.000
2013-05-02,33.542,34.663,31.339,31.833,123059.000
2013-05-03,35.536,36.249,33.552,33.552,165984.000
2013-05-06,35.536,36.866,34.530,36.087,158562.000
2013-05-07,36.097,36.182,34.862,35.233,112692.000
2013-05-08,35.964,36.467,35.622,36.173,100703.000
2013-05-09,35.679,36.078,34.995,35.812,105513.000
2013-05-10,36.980,37.683,35.612,35.707,171798.000
2013-05-13,36.999,37.360,36.087,37.037,87226.000
2013-05-14,38.129,38.585,37.046,37.388,132111.000
2013-05-15,38.215,38.680,37.322,38.366,97057.000
2013-05-16,35.935,37.749,35.622,37.730,228083.000
2013-05-17,35.878,36.543,35.214,35.793,140419.000
2013-05-20,34.938,35.385,32.621,34.853,262421.000
2013-05-21,34.444,35.138,33.808,34.150,118738.000
2013-05-22,35.527,36.638,33.903,34.378,185219.000
2013-05-23,34.387,35.119,33.457,34.188,384906.000
2013-05-24,35.603,36.287,34.995,35.033,283959.000
2013-05-27,37.227,37.474,35.404,35.650,284022.000
2013-05-28,36.932,37.407,36.230,37.037,162162.000
2013-05-29,36.553,37.512,36.135,36.989,170461.000
2013-05-30,37.322,37.863,36.894,37.132,225427.000
2013-05-31,36.059,37.512,35.869,37.512,193755.000
2013-06-03,34.159,35.802,34.074,35.802,276628.000
2013-06-04,34.596,34.739,33.922,34.188,162244.000
2013-06-05,33.428,35.328,32.450,34.948,256538.000
2013-06-06,32.915,33.951,32.868,33.229,146423.000
2013-06-07,31.652,33.485,30.646,33.229,240530.000
2013-06-13,31.007,31.282,29.041,30.864,173680.000
2013-06-14,32.754,33.124,31.652,31.652,217075.000
2013-06-17,33.656,34.074,32.146,32.953,191421.000
2013-06-18,33.267,34.017,32.906,33.409,153471.000
2013-06-19,33.685,33.751,32.744,33.058,114915.000
2013-06-20,31.472,33.552,31.320,33.533,166638.000
2013-06-21,31.624,32.108,29.914,30.370,128562.000
2013-06-24,30.133,31.434,29.069,31.339,163171.000
2013-06-25,30.304,30.864,27.635,29.582,215999.000
2013-06-26,31.500,31.728,29.914,29.933,176270.000
2013-06-27,32.801,34.568,32.279,32.279,292167.000
2013-06-28,32.536,33.238,32.213,32.574,151230.000
2013-07-01,34.159,34.188,32.621,32.649,173939.000
2013-07-02,34.729,35.422,33.913,34.197,194312.000
2013-07-03,34.862,35.233,34.188,34.729,146099.000
2013-07-04,33.723,35.290,33.618,34.568,214814.000
2013-07-05,33.438,34.159,33.238,33.732,114916.000
2013-07-08,31.928,33.096,31.747,32.706,142485.000
2013-07-09,32.327,32.536,31.747,31.928,80083.000
2013-07-10,32.906,33.086,32.194,32.574,90453.000
2013-07-11,34.007,34.045,33.039,33.238,143571.000
2013-07-12,33.675,34.758,33.656,34.102,125034.000
2013-07-15,34.330,34.558,33.238,33.485,128715.000
2013-07-16,34.739,34.805,33.998,34.378,126217.000
2013-07-17,33.514,34.929,33.428,34.929,136974.000
2013-07-18,32.877,33.903,32.839,33.362,99139.000
2013-07-19,32.498,33.609,32.460,32.678,92662.000
2013-07-22,32.906,33.001,32.004,32.032,81089.000
2013-07-23,33.267,33.761,32.972,32.991,88346.000
2013-07-24,35.470,35.517,33.048,33.267,289734.000
2013-07-25,34.900,35.707,34.140,35.460,171894.000
2013-07-26,35.271,35.802,34.482,34.663,144181.000
2013-07-29,35.261,35.992,34.853,35.138,142725.000
2013-07-30,33.989,35.745,33.618,35.451,126386.000
2013-07-31,33.732,34.463,33.248,34.140,103242.000
2013-08-01,34.368,34.444,33.523,33.808,114678.000
2013-08-02,34.169,34.881,33.998,34.492,113761.000
2013-08-05,34.330,34.824,34.093,34.283,132944.000
2013-08-06,35.698,35.850,34.330,34.473,224058.000
2013-08-07,34.786,35.726,34.606,35.707,137914.000
2013-08-08,34.701,34.995,34.216,34.644,91959.000
2013-08-09,35.422,35.945,34.663,34.957,150453.000
2013-08-12,35.593,35.897,34.967,35.707,107832.000
2013-08-13,35.090,35.698,34.758,35.622,86848.000
2013-08-14,34.558,35.271,33.998,35.147,146668.000
2013-08-15,34.112,34.606,33.998,34.568,60555.000
2013-08-16,33.134,34.625,33.048,33.941,126098.000
2013-08-19,33.371,33.618,32.858,33.134,84149.000
2013-08-20,32.583,33.400,32.241,33.238,126151.000
2013-08-21,33.542,33.647,32.498,32.583,97558.000
2013-08-22,33.324,33.827,33.181,33.561,77101.000
2013-08-23,33.124,33.818,32.763,33.371,76029.000
2013-08-26,34.169,34.283,33.191,33.191,109806.000
2013-08-27,34.083,34.520,33.808,34.140,61398.000
2013-08-28,33.628,34.121,33.124,33.903,80057.000
2013-08-29,32.849,34.178,32.763,33.989,85106.000
2013-08-30,31.586,32.782,30.389,32.782,145724.000
2013-09-02,32.289,32.773,31.814,31.985,90021.000
2013-09-03,33.143,33.428,32.222,32.384,75670.000
2013-09-04,32.393,33.238,32.298,33.238,68915.000
2013-09-05,31.994,32.289,31.576,32.289,73277.000
2013-09-06,31.757,32.260,31.605,31.814,66560.000
2013-09-09,31.633,31.966,31.054,31.766,87484.000
2013-09-10,30.874,31.481,30.674,31.481,116536.000
2013-09-11,30.551,31.291,30.180,31.215,97636.000
2013-09-12,30.427,30.959,30.228,30.332,100091.000
2013-09-13,30.703,30.864,30.199,30.285,73313.000
2013-09-16,31.472,31.776,30.570,30.703,95405.000
2013-09-17,30.152,31.548,30.114,31.339,84848.000
2013-09-18,30.294,30.560,29.250,30.142,69033.000
2013-09-23,32.279,32.289,30.408,30.437,158704.000
2013-09-24,31.776,32.260,31.586,31.994,94387.000
2013-09-25,31.462,32.611,31.206,32.308,109503.000
2013-09-26,33.704,34.340,31.481,31.481,296319.000
2013-09-27,33.599,34.558,33.143,33.523,169031.000
2013-09-30,33.789,34.235,33.143,34.235,100175.000
2013-10-08,34.292,35.233,34.093,34.235,147234.000
2013-10-09,33.694,34.140,33.400,34.093,107719.000
2013-10-10,34.292,34.948,33.362,33.694,123213.000
2013-10-11,35.185,35.290,33.713,34.330,178085.000
2013-10-14,35.983,36.638,35.223,35.252,157786.000
2013-10-15,35.726,36.610,35.328,36.182,111178.000
2013-10-16,35.071,35.850,34.815,35.612,102149.000
2013-10-17,34.473,35.802,34.378,35.195,78968.000
2013-10-18,34.226,34.739,33.989,34.473,61395.000
2013-10-21,35.157,35.375,34.264,34.340,87808.000
2013-10-22,34.663,35.707,34.615,35.157,93149.000
2013-10-23,33.162,34.492,32.393,34.378,141673.000
2013-10-24,34.093,34.948,33.267,33.618,184992.000
2013-10-25,33.219,34.178,32.858,34.140,92722.000
2013-10-28,32.782,33.124,32.384,33.124,50009.000
2013-10-29,31.918,33.096,30.798,32.763,71342.000
2013-10-30,32.517,32.564,31.538,31.985,70437.000
2013-10-31,29.269,30.342,29.269,30.057,161665.000
2013-11-01,28.879,29.183,27.065,27.540,190920.000
2013-11-04,27.816,28.575,27.702,28.385,97044.000
2013-11-05,28.385,28.395,27.217,27.778,90719.000
2013-11-06,27.787,28.348,27.635,28.300,74547.000
2013-11-07,25.442,27.493,25.005,27.493,332271.000
2013-11-08,24.644,25.764,24.454,24.938,205898.000
2013-11-11,25.442,25.593,24.644,24.644,113123.000
2013-11-12,26.951,27.189,25.204,25.527,212655.000
2013-11-13,26.249,26.771,26.211,26.762,91766.000
2013-11-14,26.989,27.303,25.907,26.135,92646.000
2013-11-15,27.246,27.635,26.923,26.980,100818.000
2013-11-18,27.417,27.597,26.999,27.512,103221.000
2013-11-19,26.657,27.778,26.477,27.521,139724.000
2013-11-20,26.638,26.895,25.992,26.781,104929.000
2013-11-21,26.610,26.676,26.211,26.648,60414.000
2013-11-22,26.106,26.657,25.878,26.619,85939.000
2013-11-25,26.391,26.581,26.192,26.277,80667.000
2013-11-26,25.299,26.420,24.929,26.315,178233.000
2013-11-27,25.499,25.698,24.986,25.470,154520.000
2013-11-28,26.752,27.018,25.432,25.641,273736.000
2013-11-29,27.198,27.512,26.496,26.752,211241.000
2013-12-02,25.983,27.255,25.812,26.705,140041.000
2013-12-03,27.265,27.331,26.030,26.030,142447.000
2013-12-04,27.597,28.338,27.293,27.293,197767.000
2013-12-05,29.240,29.269,27.635,27.654,267127.000
2013-12-06,30.551,31.985,30.085,30.532,328691.000
2013-12-16,27.607,30.484,27.540,30.389,354368.000
2013-12-17,27.702,28.585,27.265,27.426,154636.000
2013-12-18,26.600,27.540,26.116,27.531,182926.000
2013-12-19,26.410,27.018,26.211,26.648,111499.000
2013-12-20,26.486,27.065,26.116,26.211,98475.000
2013-12-23,26.828,27.350,26.458,26.591,125369.000
2013-12-24,25.261,27.065,24.644,26.885,261320.000
2013-12-25,25.451,25.527,24.815,25.052,122662.000
2013-12-26,24.938,25.461,24.425,25.451,192744.000
2013-12-27,25.204,25.404,24.815,24.938,89007.000
2013-12-30,25.461,25.783,25.024,25.261,110674.000
2013-12-31,26.268,26.401,25.271,25.423,131685.000
2014-01-02,26.933,27.075,25.831,26.268,146605.000
2014-01-03,26.477,26.876,26.277,26.876,93978.000
2014-01-06,25.451,26.467,25.261,26.458,98142.000
2014-01-07,25.726,26.182,25.052,25.204,80339.000
2014-01-08,25.983,26.144,25.480,25.783,82117.000
2014-01-09,25.309,26.002,25.261,25.973,131988.000
2014-01-10,25.166,25.499,24.872,25.052,61400.000
2014-01-13,25.090,25.717,24.786,25.166,62575.000
2014-01-14,25.166,25.223,24.501,25.157,72335.000
2014-01-15,25.043,25.328,24.853,25.109,52542.000
2014-01-16,25.100,25.242,24.796,25.024,63435.000
2014-01-17,24.625,25.100,24.596,25.100,64426.000
2014-01-20,23.884,24.777,23.628,24.501,102829.000
2014-01-21,24.046,24.302,23.856,23.856,66420.000
2014-01-22,25.138,25.214,23.960,24.046,140386.000
2014-01-23,25.062,25.491,24.967,25.272,82460.000
2014-01-24,25.177,25.453,25.034,25.062,80060.000
2014-01-27,24.691,25.138,24.558,25.138,76611.000
2014-01-28,25.795,26.071,24.558,24.558,171309.000
2014-01-29,25.662,26.081,25.510,26.081,88566.000
2014-01-30,25.805,26.300,25.415,25.586,91099.000
2014-02-07,25.767,26.014,25.234,25.605,78047.000
2014-02-10,26.957,27.575,25.890,25.890,180888.000
2014-02-11,28.004,28.175,26.785,27.033,223692.000
2014-02-12,27.775,28.603,27.509,28.032,134914.000
2014-02-13,26.823,27.785,26.814,27.785,117828.000
2014-02-14,27.194,27.394,26.842,26.852,71554.000
2014-02-17,27.375,27.594,26.804,27.252,104035.000
2014-02-18,26.700,27.280,26.557,27.233,123709.000
2014-02-19,27.242,27.651,26.366,26.700,150888.000
2014-02-20,26.671,27.490,26.557,27.318,87476.000
2014-02-21,26.404,27.033,26.300,26.719,70050.000
2014-02-24,25.624,26.319,25.119,26.271,112242.000
2014-02-25,24.777,26.147,24.748,25.624,117451.000
2014-02-26,24.986,25.034,24.272,24.843,92075.000
2014-02-27,25.129,26.100,25.034,25.243,99505.000
2014-02-28,25.710,25.795,24.939,25.043,81717.000
2014-03-03,25.700,26.262,25.415,25.595,94600.000
2014-03-04,26.785,26.814,24.605,25.605,182949.000
2014-03-06,26.642,28.537,26.557,27.413,335655.000
2014-03-07,25.833,26.557,25.415,26.186,159648.000
2014-03-10,24.881,25.719,24.634,25.710,106898.000
2014-03-11,25.034,25.272,24.539,24.777,77003.000
2014-03-12,25.300,25.605,24.843,25.005,73897.000
2014-03-13,25.529,25.862,25.015,25.215,75692.000
2014-03-14,24.843,25.814,24.739,25.529,96499.000
2014-03-17,25.319,25.367,24.739,24.748,65105.000
2014-03-18,25.995,26.366,25.319,25.319,160659.000
2014-03-19,26.166,26.395,25.900,26.176,126785.000
2014-03-20,25.138,26.243,25.119,26.166,97159.000
2014-03-21,25.472,25.605,24.748,24.843,83703.000
2014-03-24,25.167,25.824,25.062,25.605,98843.000
2014-03-25,25.186,25.367,25.081,25.129,58530.000
2014-03-26,25.415,25.729,25.234,25.234,64855.000
2014-03-27,25.177,25.881,24.748,25.319,141196.000
2014-03-28,24.720,25.567,24.653,25.319,103573.000
2014-03-31,24.491,24.891,24.425,24.720,61391.000
2014-04-01,25.024,25.129,24.472,24.501,67753.000
2014-04-02,24.967,25.319,24.758,25.186,60316.000
2014-04-03,24.834,25.100,24.805,24.891,39592.000
2014-04-04,24.710,24.834,24.320,24.805,79767.000
2014-04-08,24.815,24.977,24.244,24.453,84054.000
2014-04-09,24.853,25.224,24.663,24.663,76284.000
2014-04-10,24.843,25.034,24.558,24.939,104715.000
2014-04-11,24.596,25.015,24.434,24.653,115654.000
2014-04-14,24.310,24.596,24.130,24.501,139075.000
2014-04-15,23.692,24.291,23.644,24.272,152479.000
2014-04-16,24.006,24.072,23.635,23.644,74924.000
2014-04-17,23.758,24.091,23.749,24.034,61880.000
2014-04-18,23.996,24.034,23.682,23.701,58223.000
2014-04-21,23.958,24.263,23.844,23.930,77683.000
2014-04-22,23.834,23.968,23.616,23.958,63549.000
2014-04-23,23.558,23.777,23.492,23.749,52536.000
2014-04-24,22.864,23.606,22.768,23.520,99395.000
2014-04-25,22.169,23.016,22.159,22.864,107886.000
2014-04-28,21.388,22.083,21.160,22.083,83403.000
2014-04-29,21.664,22.035,21.369,21.369,62185.000
2014-04-30,23.225,23.511,21.683,21.750,136576.000
2014-05-05,22.825,23.149,22.549,22.940,78329.000
2014-05-06,23.025,23.168,22.683,22.825,64834.000
2014-05-07,22.416,22.902,22.388,22.873,45553.000
2014-05-08,22.683,22.959,22.388,22.388,48591.000
2014-05-09,23.159,23.454,22.873,22.892,100400.000
2014-05-12,23.454,23.777,23.216,23.406,89927.000
2014-05-13,23.235,23.482,22.987,23.444,58864.000
2014-05-14,23.587,23.730,23.206,23.244,77357.000
2014-05-15,23.035,23.692,23.025,23.501,55644.000
2014-05-16,22.483,23.044,22.197,22.949,69209.000
2014-05-19,21.836,22.473,21.512,22.473,77484.000
2014-05-20,21.845,22.131,21.626,21.988,53628.000
2014-05-21,22.035,22.064,21.464,21.683,44835.000
2014-05-22,21.874,22.254,21.797,22.074,54287.000
2014-05-23,21.959,22.016,21.778,21.797,39273.000
2014-05-26,22.749,22.835,22.007,22.131,114530.000
2014-05-27,22.787,23.225,22.607,22.654,98517.000
2014-05-28,23.025,23.111,22.711,22.797,68150.000
2014-05-29,22.683,23.320,22.664,23.111,70757.000
2014-05-30,23.853,23.996,22.797,22.797,241612.000
2014-06-03,24.006,24.472,23.682,23.787,137568.000
2014-06-04,23.301,24.034,23.025,24.006,99519.000
2014-06-05,23.825,23.873,23.235,23.463,73504.000
2014-06-06,23.378,23.882,23.320,23.863,59599.000
2014-06-09,24.663,24.748,23.416,23.444,243151.000
2014-06-10,24.653,24.663,24.158,24.510,126934.000
2014-06-11,24.596,25.319,24.491,24.558,168536.000
2014-06-12,24.406,24.853,23.901,24.425,143823.000
2014-06-13,24.310,24.463,23.892,24.225,121017.000
2014-06-16,24.291,24.510,24.053,24.444,91086.000
2014-06-17,23.663,24.291,23.654,24.291,101940.000
2014-06-18,23.406,23.654,23.225,23.606,67913.000
2014-06-19,22.940,23.730,22.845,23.406,69212.000
2014-06-20,23.168,23.235,22.845,22.959,44195.000
2014-06-23,23.044,23.339,22.949,23.282,42132.000
2014-06-24,23.444,23.501,23.035,23.044,52078.000
2014-06-25,23.930,24.130,23.187,23.416,153953.000
2014-06-26,23.873,24.130,23.682,23.996,72900.000
2014-06-27,23.720,23.939,23.511,23.796,97450.000
2014-06-30,23.692,23.892,23.530,23.606,57479.000
2014-07-01,23.873,24.253,23.720,24.044,92869.000
2014-07-02,23.958,24.263,23.815,24.053,87772.000
2014-07-03,24.215,24.234,23.796,24.063,123254.000
2014-07-04,23.873,24.377,23.825,24.329,79009.000
2014-07-07,23.473,24.072,23.349,23.796,92442.000
2014-07-08,22.426,23.549,22.188,23.378,233872.000
2014-07-09,22.235,22.664,22.178,22.511,115854.000
2014-07-10,22.388,22.483,22.226,22.235,56206.000
2014-07-11,22.045,22.388,21.893,22.388,113035.000
2014-07-14,22.216,22.340,21.902,21.940,97938.000
2014-07-15,22.645,22.702,22.292,22.292,114341.000
2014-07-16,22.397,22.740,22.292,22.730,61794.000
2014-07-17,21.931,22.426,21.731,22.407,118722.000
2014-07-18,22.131,22.178,21.950,21.950,68094.000
2014-07-21,22.216,22.311,21.988,22.083,64476.000
2014-07-22,22.340,22.530,22.178,22.226,81920.000
2014-07-23,22.035,22.416,22.026,22.359,69118.000
2014-07-24,22.235,22.369,22.045,22.045,69299.000
2014-07-25,22.464,22.511,22.235,22.292,80468.000
2014-07-28,23.549,23.587,22.492,22.492,210324.000
2014-07-29,23.596,23.892,23.368,23.787,198014.000
2014-07-30,23.933,24.385,23.376,23.626,162138.000
2014-07-31,24.635,25.634,24.519,24.779,354563.000
2014-08-01,26.451,27.094,25.317,25.749,695122.000
2014-08-04,26.220,26.364,25.634,26.364,333106.000
2014-08-05,25.845,26.326,25.480,26.326,216337.000
2014-08-06,25.490,25.845,25.278,25.845,171869.000
2014-08-07,25.307,25.826,25.202,25.432,140609.000
2014-08-08,25.365,25.605,25.250,25.346,100163.000
2014-08-11,25.480,25.615,25.413,25.519,135069.000
2014-08-12,24.865,25.471,24.760,25.461,198152.000
2014-08-13,25.163,25.538,24.884,24.884,155946.000
2014-08-14,24.750,25.173,24.692,25.125,115471.000
2014-08-15,25.038,25.067,24.673,24.740,115083.000
2014-08-18,25.173,25.336,25.057,25.057,103837.000
2014-08-19,25.009,25.144,24.884,25.134,96615.000
2014-08-20,24.884,24.981,24.788,24.971,103366.000
2014-08-21,24.510,24.865,24.356,24.865,137803.000
2014-08-22,26.595,26.960,24.788,24.788,532153.000
2014-08-25,25.682,26.422,25.615,26.422,306971.000
2014-08-26,25.759,26.278,25.480,25.672,206931.000
2014-08-27,25.432,25.845,25.384,25.749,116653.000
2014-08-28,25.682,26.133,25.480,25.480,127179.000
2014-08-29,25.759,26.018,25.461,25.615,104222.000
2014-09-01,25.663,25.740,25.202,25.557,128035.000
2014-09-02,25.941,26.095,25.528,25.672,174342.000
2014-09-03,26.835,27.834,26.729,27.488,506150.000
2014-09-04,26.921,27.142,26.633,26.902,212389.000
2014-09-05,26.748,27.219,26.643,27.085,183006.000
2014-09-09,27.238,27.555,26.662,26.864,261805.000
2014-09-10,26.873,27.181,26.787,26.950,137808.000
2014-09-11,26.499,27.065,26.431,26.816,201176.000
2014-09-12,26.566,26.816,26.326,26.633,150545.000
2014-09-15,26.383,26.537,26.133,26.537,209508.000
2014-09-16,25.836,26.518,25.807,26.441,216712.000
2014-09-17,26.681,26.844,25.605,25.893,295675.000
2014-09-18,26.306,26.652,26.258,26.537,183623.000
2014-09-19,26.643,27.152,26.575,26.575,272696.000
2014-09-22,26.153,26.739,26.047,26.710,134713.000
2014-09-23,26.374,26.556,25.951,26.153,141854.000
2014-09-24,26.556,26.652,26.095,26.278,151387.000
2014-09-25,26.124,26.547,26.057,26.422,187114.000
2014-09-26,26.124,26.297,25.826,26.114,112111.000
2014-09-29,26.297,26.614,26.153,26.518,154148.000
2014-09-30,26.768,27.046,26.306,26.306,248777.000
2014-10-08,27.344,27.431,26.585,26.864,278112.000
2014-10-09,27.113,27.719,26.941,27.363,211742.000
2014-10-10,26.796,27.277,26.729,26.989,149247.000
2014-10-13,26.787,26.921,26.518,26.748,114448.000
2014-10-14,26.835,27.171,26.633,26.777,149714.000
2014-10-15,27.632,27.853,26.758,26.777,457043.000
2014-10-16,27.315,28.343,27.238,27.383,382947.000
2014-10-17,27.286,27.748,26.710,27.286,216292.000
2014-10-20,27.498,27.949,27.286,27.507,166394.000
2014-10-21,26.844,27.411,26.806,27.411,169069.000
2014-10-22,26.210,26.998,26.105,26.902,149479.000
2014-10-23,25.845,26.297,25.634,26.182,110143.000
2014-10-24,26.018,26.191,25.634,25.893,71712.000
2014-10-27,26.114,26.182,25.701,25.941,61234.000
2014-10-28,26.451,26.489,26.114,26.114,95699.000
2014-10-29,26.912,27.450,26.720,27.017,225811.000
2014-10-30,26.374,26.883,26.326,26.883,211654.000
2014-10-31,26.182,26.556,25.922,26.316,159815.000
2014-11-03,26.153,26.162,25.788,26.037,162018.000
2014-11-04,25.509,26.124,25.461,26.114,209734.000
2014-11-05,25.615,25.836,25.250,25.413,106660.000
2014-11-06,25.605,25.749,25.461,25.653,67248.000
2014-11-07,25.259,25.538,25.250,25.365,116341.000
2014-11-10,25.682,25.711,25.192,25.259,104151.000
2014-11-11,25.096,26.028,24.798,25.845,174428.000
2014-11-12,25.355,25.451,24.913,25.077,78214.000
2014-11-13,25.086,25.403,24.894,25.384,93784.000
2014-11-14,25.144,25.346,24.788,25.000,86173.000
2014-11-17,25.096,25.326,24.971,25.153,78981.000
2014-11-18,24.740,25.134,24.644,25.134,100818.000
2014-11-19,25.269,25.365,24.808,24.981,134139.000
2014-11-20,25.125,25.480,25.096,25.221,89440.000
2014-11-21,25.173,25.230,25.019,25.153,84916.000
2014-11-24,25.394,25.480,25.134,25.250,136747.000
2014-11-25,25.653,25.768,25.374,25.442,147427.000
2014-11-26,25.384,25.749,25.259,25.701,139959.000
2014-11-27,25.701,25.816,25.365,25.423,268257.000
2014-11-28,25.326,25.653,25.125,25.653,144375.000
2014-12-01,25.509,25.605,24.981,25.365,151840.000
2014-12-02,25.941,26.057,25.519,25.692,231613.000
2014-12-03,26.047,26.364,25.595,25.941,173875.000
2015-01-13,28.651,28.651,28.651,28.651,39491.000
2015-01-14,28.968,30.745,28.881,30.736,761699.000
2015-01-15,28.286,29.496,27.863,28.997,433650.000
2015-01-16,29.900,30.246,28.343,28.459,487160.000
2015-01-19,30.419,31.908,28.929,29.371,578600.000
2015-01-20,30.947,31.351,30.130,30.745,412583.000
2015-01-21,30.774,31.005,30.351,30.947,354950.000
2015-01-22,30.716,31.312,30.544,30.736,241963.000
2015-01-23,30.092,30.716,29.804,30.601,274946.000
2015-01-26,30.313,30.592,29.929,30.428,178386.000
2015-01-27,29.612,30.476,29.362,30.380,257565.000
2015-01-28,29.573,30.169,29.208,29.544,184606.000
2015-01-29,28.795,29.381,28.728,29.294,153085.000
2015-01-30,28.776,29.150,28.545,28.920,135769.000
2015-02-02,28.574,28.776,28.247,28.497,120818.000
2015-02-03,29.448,29.621,28.660,28.718,183384.000
2015-02-04,28.776,29.756,28.728,29.679,108531.000
2015-02-05,28.093,29.150,28.065,29.093,154734.000
2015-02-06,27.575,28.603,27.440,28.084,123124.000
2015-02-09,27.978,28.487,27.767,27.767,102817.000
2015-02-10,29.045,29.256,27.921,28.036,169216.000
2015-02-11,29.073,29.400,28.728,29.102,100015.000
2015-02-12,29.160,29.515,29.073,29.112,116123.000
2015-02-13,29.323,29.861,29.112,29.304,126477.000
2015-02-16,29.352,29.544,29.112,29.362,113057.000
2015-02-17,29.448,29.679,29.237,29.352,81310.000
2015-02-25,30.428,30.774,29.439,29.439,245674.000
2015-02-26,30.428,30.697,30.150,30.505,117918.000
2015-02-27,29.977,30.505,29.938,30.361,120612.000
2015-03-02,29.996,30.265,29.669,30.265,151874.000
2015-03-03,29.362,29.909,29.304,29.813,169965.000
2015-03-04,29.775,29.919,29.371,29.487,156330.000
2015-03-05,29.736,30.207,29.429,29.669,151883.000
2015-03-06,29.122,30.015,29.054,29.986,139137.000
2015-03-09,29.054,29.150,28.449,29.054,99191.000
2015-03-10,29.391,29.948,29.189,29.198,142256.000
2015-03-11,29.256,29.698,29.141,29.410,91199.000
2015-03-12,29.073,29.515,28.939,29.419,89891.000
2015-03-13,29.227,29.294,28.862,29.208,89140.000
2015-03-18,30.572,31.091,30.150,30.265,361409.000
2015-03-19,30.284,30.620,30.073,30.582,216380.000
2015-03-20,30.726,30.985,30.371,30.515,277597.000
2015-03-23,30.851,31.062,30.553,30.918,330208.000
2015-03-24,30.601,30.966,29.996,30.880,274402.000
2015-03-25,32.455,33.138,30.495,30.697,540040.000
2015-03-26,32.321,33.435,31.898,32.014,322566.000
2015-03-27,33.455,33.916,32.475,32.849,327285.880
2015-03-30,33.484,33.974,33.032,33.339,293355.000
2015-03-31,32.830,33.868,32.600,33.820,313822.000
2015-04-01,32.878,33.378,32.359,32.667,227313.000
2015-04-02,33.157,33.503,32.715,32.859,238726.000
2015-04-03,33.560,33.801,32.763,33.022,234931.000
2015-04-07,34.415,34.492,33.224,33.484,288104.000
2015-04-08,33.359,34.540,33.224,34.387,263177.000
2015-04-09,32.359,33.570,31.677,33.368,234256.000
2015-04-10,33.186,33.378,32.110,32.158,193337.000
2015-04-13,33.887,34.473,32.773,33.224,260490.000
2015-04-14,34.483,34.925,33.897,33.916,290256.000
2015-04-15,32.965,34.579,32.821,34.531,218418.000
2015-04-16,34.108,34.877,32.321,32.667,252717.000
2015-04-17,35.761,37.413,34.396,34.396,364142.000
2015-04-20,35.098,36.856,34.857,35.799,338959.000
2015-04-21,37.452,37.634,35.338,35.338,340229.000
2015-04-22,37.461,37.913,36.962,37.730,259288.000
2015-04-23,37.183,37.845,36.779,37.461,241015.000
2015-04-24,36.174,36.827,35.559,36.798,223809.000
2015-04-27,36.472,37.231,35.857,36.481,213008.000
2015-04-28,34.425,36.798,34.108,36.510,347235.000
2015-04-29,34.857,35.223,34.377,34.444,144708.000
2015-04-30,34.588,35.444,34.492,35.203,146900.000
2015-05-04,34.588,34.973,34.348,34.684,137581.000
2015-05-05,34.992,36.116,34.675,35.251,274275.000
2015-05-06,35.040,36.039,34.617,35.069,230944.000
2015-05-07,32.888,35.501,32.676,35.155,243883.000
2015-05-08,33.589,33.714,32.859,33.387,142783.000
2015-05-11,35.357,35.693,33.656,34.108,215449.000
2015-05-12,35.242,35.367,34.704,35.165,180456.000
2015-05-13,34.848,35.347,34.588,35.338,159480.000
2015-05-14,35.607,36.587,35.386,35.559,246219.000
2015-05-15,35.299,36.231,35.165,35.607,220504.000
2015-05-18,34.233,34.857,33.724,34.848,167351.000
2015-05-19,34.771,34.781,33.243,34.310,252907.000
2015-05-20,35.030,35.722,34.367,34.771,257092.000
2015-05-21,36.327,36.462,34.588,35.040,315181.000
2015-05-22,36.952,37.086,35.953,36.510,321197.000
2015-05-25,38.432,38.816,36.520,37.029,341557.000
2015-05-26,38.508,39.085,38.143,38.489,296607.000
2015-05-27,37.807,38.422,37.375,38.403,303750.000
2015-05-28,36.817,39.248,36.616,37.932,364561.000
2015-05-29,40.468,40.497,35.568,36.721,446550.000
2015-06-01,42.986,44.062,41.314,42.659,471669.000
2015-06-02,43.043,43.360,41.391,42.400,342370.000
2015-06-03,45.359,46.560,42.294,43.091,410434.000
2015-06-04,44.494,45.051,40.978,44.485,317469.000
2015-06-05,43.264,45.128,42.025,44.792,363801.000
2015-06-08,42.861,43.120,41.881,43.101,242938.000
2015-06-09,43.351,44.167,42.371,42.928,240552.000
2015-06-10,44.129,45.042,42.294,42.918,255433.000
2015-06-11,45.090,46.118,43.332,44.148,265483.000
2015-06-12,44.148,45.234,44.100,44.975,248895.000
2015-06-15,42.332,45.138,42.256,44.388,256578.000
2015-06-16,40.795,42.217,40.468,41.977,226097.000
2015-06-17,40.488,41.016,38.797,40.834,229938.000
2015-06-18,38.922,41.016,38.912,40.497,175749.000
2015-06-19,35.741,39.171,35.030,38.902,237559.000
2015-06-23,37.471,37.528,34.733,35.818,198903.000
2015-06-24,38.038,38.364,37.183,37.586,224781.000
2015-06-25,35.953,38.038,35.357,38.038,166589.000
2015-06-26,32.379,35.194,32.359,35.194,259801.000
2015-06-29,30.457,33.618,29.141,33.435,308722.000
2015-06-30,33.109,33.195,28.209,30.476,353432.000
2015-07-01,32.724,34.723,31.591,32.263,351159.000
2015-07-02,30.572,33.493,29.506,33.493,239801.000
2015-07-03,29.669,31.821,28.468,29.794,292792.000
2015-07-06,30.601,32.638,28.209,32.638,288059.000
2015-07-07,27.700,30.265,27.546,29.957,381070.000
2015-07-08,24.932,25.317,24.932,24.932,377788.000
2015-07-09,27.431,27.431,23.069,24.932,391909.000
2015-07-10,30.178,30.178,28.708,28.708,169078.000
2015-07-13,33.195,33.195,30.380,31.706,392847.000
2015-07-14,32.196,34.483,31.994,32.292,304760.000
2015-07-15,28.977,31.533,28.977,31.485,209431.000
2015-07-16,29.765,30.342,27.392,28.977,220675.000
2015-07-17,31.744,31.985,29.554,29.784,219902.000
2015-07-20,31.629,32.532,30.774,31.610,196957.000
2015-07-21,31.927,31.975,30.553,31.034,205731.000
2015-07-22,31.514,32.023,30.822,31.802,145492.000
2015-07-23,32.600,33.157,31.475,31.514,248535.000
2015-07-24,32.177,33.128,31.226,32.340,233919.000
2015-07-27,28.958,31.841,28.958,31.322,198381.000
2015-07-28,28.199,28.920,26.431,27.853,277190.000
2015-07-29,29.285,29.304,27.258,28.603,187137.000
2015-07-30,27.863,29.160,27.748,28.824,157502.000
2015-07-31,28.535,28.583,27.306,27.383,140462.000
2015-08-03,29.535,29.573,28.036,28.199,215967.000
2015-08-04,30.332,30.716,29.314,29.419,123967.000
2015-08-05,30.534,31.898,29.794,30.121,158017.000
2015-08-06,29.909,30.495,29.640,29.784,79826.000
2015-08-07,30.307,30.908,29.793,29.793,80259.000
2015-08-10,31.684,31.936,30.133,30.346,148673.000
2015-08-11,31.364,32.149,31.121,31.897,132425.000
2015-08-12,30.579,31.645,30.452,30.986,105964.000
2015-08-13,31.209,31.218,30.259,30.579,89695.000
2015-08-14,31.587,32.188,31.315,31.393,125198.000
2015-08-17,34.747,34.747,34.747,34.747,127029.000
2015-08-18,35.698,38.218,34.728,36.842,992869.000
2015-08-19,37.404,38.112,32.130,32.964,645520.000
2015-08-20,33.662,36.619,33.662,36.066,393580.000
2015-08-21,30.695,34.234,30.297,33.060,330152.000
2015-08-24,27.621,29.076,27.621,28.242,290087.000
2015-08-25,24.858,26.235,24.858,24.868,298506.000
2015-08-26,23.966,26.477,23.268,25.014,342052.000
2015-08-27,25.469,25.498,24.025,24.723,250003.000
2015-08-28,27.272,27.534,25.644,26.080,270040.000
2015-08-31,26.642,27.108,25.615,27.108,234782.000
2015-09-01,25.799,26.177,24.412,26.177,236681.000
2015-09-02,25.799,26.138,24.238,24.412,256621.000
2015-09-07,25.537,27.127,25.411,25.799,136507.000
2015-09-08,26.642,26.768,25.023,25.217,103349.000
2015-09-09,27.263,27.806,26.574,26.768,164077.000
2015-09-10,26.206,27.205,25.983,26.885,107024.000
2015-09-11,25.954,26.613,25.663,26.206,79253.000
2015-09-14,25.770,26.371,24.383,26.274,170251.000
2015-09-15,24.141,25.586,23.753,25.052,105742.000
2015-09-16,26.022,26.439,24.054,24.170,109650.000
2015-09-17,24.868,26.187,24.839,25.847,108983.000
2015-09-18,24.887,25.498,24.645,25.023,54370.000
2015-09-21,25.382,25.430,24.432,24.713,77904.000
2015-09-22,25.741,25.964,25.217,25.498,105375.000
2015-09-23,24.994,25.469,24.752,25.353,78093.000
2015-09-24,25.188,25.469,24.849,25.110,50021.000
2015-09-25,24.984,25.954,24.829,25.537,96800.000
2015-09-28,25.227,25.285,24.742,25.110,42767.000
2015-09-29,24.500,24.984,24.238,24.839,62624.000
2015-09-30,24.354,24.742,24.219,24.548,69939.000
2015-10-08,26.788,26.788,26.710,26.788,176697.000
2015-10-09,26.545,27.137,26.187,27.117,273280.000
2015-10-12,27.253,27.631,26.264,26.448,246412.000
2015-10-13,27.088,27.146,26.768,27.146,129464.000
2015-10-14,26.497,27.049,26.448,26.846,126203.000
2015-10-15,27.253,27.272,26.381,26.633,161551.000
2015-10-16,27.331,27.534,26.788,27.437,174729.000
2015-10-19,27.205,28.116,27.049,27.602,185810.000
2015-10-20,27.515,27.631,26.836,27.098,130366.000
2015-10-21,26.332,28.290,26.158,27.554,265843.000
2015-10-22,27.651,27.718,26.187,26.565,172974.000
2015-10-23,28.940,28.979,27.680,28.116,289028.000
2015-10-26,28.397,29.270,28.087,29.134,203617.000
2015-10-27,28.116,28.552,27.166,28.504,135699.000
2015-10-28,27.272,28.329,27.059,27.912,118239.000
2015-10-29,27.670,27.922,27.243,27.709,91953.000
2015-10-30,28.087,28.533,27.476,28.019,151821.000
2015-11-02,27.137,28.213,27.098,27.544,115606.000
2015-11-03,26.894,27.408,26.710,27.166,85213.000
2015-11-04,28.058,28.087,27.020,27.049,144388.000
2015-11-05,28.058,28.727,27.903,28.019,220256.000
2015-11-06,28.475,28.533,28.116,28.349,158756.000
2015-11-09,28.940,29.299,28.116,28.455,195479.000
2015-11-10,28.979,30.220,28.795,29.570,229848.000
2015-11-11,28.824,29.066,28.416,28.969,133654.000
2015-11-12,29.018,29.464,28.513,29.037,166437.000
2015-11-13,28.252,28.785,28.029,28.601,108889.000
2015-11-16,29.231,29.570,28.019,28.116,182284.000
2015-11-17,29.085,30.152,28.979,29.405,215863.000
2015-11-18,28.416,29.367,28.320,29.115,106450.000
2015-11-19,28.872,28.882,28.387,28.610,80618.000
2015-11-20,28.707,28.969,28.523,28.901,101901.000
2015-11-23,28.436,28.892,28.426,28.562,88742.000
2015-11-24,28.465,28.523,27.951,28.339,80773.000
2015-11-25,28.630,28.698,28.155,28.261,101026.000
2015-11-26,28.475,28.911,28.416,28.649,101630.000
2015-11-27,26.826,28.446,26.536,28.387,146568.000
2015-11-30,26.284,26.991,25.314,26.962,135721.000
2015-12-02,27.844,28.048,26.671,26.904,156785.000
2015-12-03,27.796,27.825,27.350,27.815,75858.000
2015-12-04,27.457,27.777,27.195,27.757,62176.000
2015-12-07,27.971,28.446,27.408,27.631,100534.000
2015-12-08,28.116,28.320,27.079,27.825,107915.000
2015-12-09,27.612,28.901,27.544,28.901,87271.000
2015-12-10,27.932,28.436,27.844,28.116,116189.000
2015-12-11,27.922,28.368,27.631,28.067,78056.000
2015-12-14,27.951,28.000,27.311,27.767,81046.000
2015-12-15,28.271,28.543,27.864,27.922,145317.000
2015-12-16,28.572,28.930,28.106,28.426,158018.000
2015-12-17,28.950,29.027,28.581,28.649,133446.000
2015-12-18,28.601,28.940,28.484,28.940,92361.000
2015-12-21,31.461,31.461,28.484,28.601,312916.000
2015-12-22,30.957,32.673,30.598,31.907,288220.000
2015-12-23,31.005,32.333,30.540,31.277,230798.000
2015-12-24,30.394,31.005,29.696,30.685,131813.000
2015-12-25,30.608,30.637,30.055,30.433,123068.000
2015-12-28,29.299,30.811,29.182,30.356,166025.000
2015-12-29,29.570,29.687,28.998,29.279,80301.000
2015-12-30,29.813,29.919,29.444,29.648,85370.000
2015-12-31,29.347,30.006,29.279,30.006,74670.000
2016-01-04,26.565,29.347,26.468,29.134,101165.000
2016-01-05,26.507,27.146,25.586,25.673,119971.000
2016-01-06,27.020,27.059,26.468,26.536,76833.000
2016-01-07,24.849,26.516,24.587,26.516,26315.000
2016-01-08,25.586,25.935,24.597,25.741,109551.000
2016-01-11,23.511,25.586,23.074,25.207,139648.000
2016-01-12,24.122,24.170,23.414,23.511,82221.000
2016-01-13,23.297,24.432,23.268,24.122,74168.000
2016-01-14,23.569,23.899,22.367,22.590,91367.000
2016-01-15,22.551,23.608,22.202,23.511,95412.000
2016-01-18,22.512,22.958,22.008,22.183,86173.000
2016-01-19,23.365,23.617,22.425,22.512,100062.000
2016-01-20,22.958,23.550,22.638,23.171,77704.000
2016-01-21,22.086,23.220,21.960,22.493,77205.000
2016-01-22,22.318,22.454,21.669,22.250,60315.000
2016-01-25,22.551,22.638,22.124,22.454,54174.000
2016-01-26,20.971,22.347,20.942,22.299,85354.000
2016-01-27,20.563,21.165,19.720,21.038,84419.000
2016-01-28,19.817,20.457,19.759,20.428,59438.000
2016-01-29,20.505,20.651,19.652,19.962,68415.000
2016-02-01,20.321,20.515,20.195,20.505,42779.000
2016-02-02,21.038,21.087,20.263,20.321,81345.000
2016-02-03,20.971,20.990,20.418,20.699,51498.000
2016-02-04,21.223,21.426,20.893,21.058,56731.000
2016-02-05,21.300,21.572,21.038,21.261,52688.000
2016-02-15,21.000,21.300,20.399,20.399,47996.000
2016-02-16,21.775,21.892,21.097,21.097,86860.000
2016-02-17,21.756,21.950,21.329,21.843,85635.000
2016-02-18,21.504,21.921,21.475,21.872,71632.000
2016-02-19,21.649,21.727,21.407,21.494,52551.000
2016-02-22,22.144,22.153,21.785,21.969,85920.000
2016-02-23,21.698,22.212,21.504,22.212,82016.000
2016-02-24,21.804,21.824,21.426,21.504,58814.000
2016-02-25,20.011,21.843,19.798,21.804,123152.000
2016-02-26,20.214,20.340,19.865,20.253,56831.000
2016-02-29,19.623,20.263,19.003,20.166,76282.000
2016-03-01,19.836,19.856,19.070,19.778,92213.000
2016-03-02,20.612,20.651,19.594,19.778,97996.000
2016-03-03,21.291,21.814,20.534,20.631,142592.000
2016-03-04,21.271,21.426,20.660,21.291,106475.000
2016-03-07,21.417,21.737,21.165,21.165,54079.000
2016-03-08,21.329,21.417,20.399,21.388,58853.000
2016-03-09,21.252,21.281,20.631,21.038,52932.000
2016-03-10,20.670,21.135,20.651,21.038,31370.000
2016-03-11,20.786,20.864,20.360,20.466,33951.000
2016-03-14,21.300,21.523,20.922,21.048,67806.000
2016-03-15,21.572,21.620,21.019,21.232,60013.000
2016-03-16,21.572,21.688,21.310,21.552,68769.000
2016-03-17,21.989,22.124,21.484,21.543,91210.000
2016-03-18,22.425,22.464,21.911,21.940,128633.000
2016-03-21,22.609,22.958,22.299,22.425,142886.000
2016-03-22,22.357,22.648,22.241,22.493,76315.000
2016-03-23,22.328,22.638,22.105,22.396,67492.000
2016-03-24,21.950,22.299,21.911,22.299,57870.000
2016-03-25,22.076,22.105,21.863,21.940,38637.000
2016-03-28,22.289,22.493,21.960,22.115,80592.000
2016-03-29,21.620,22.289,21.436,22.289,57066.000
2016-03-30,22.212,22.250,21.795,21.824,62081.000
2016-03-31,22.163,22.473,22.105,22.299,56485.000
2016-04-01,22.095,22.144,21.659,22.086,42461.000
2016-04-05,22.764,22.948,22.095,22.202,115540.000
2016-04-06,22.890,22.919,22.570,22.638,70913.000
2016-04-07,22.454,23.055,22.396,22.958,55707.000
2016-04-08,22.047,22.367,21.833,22.367,45972.000
2016-04-11,22.774,22.861,22.318,22.318,79190.000
2016-04-12,22.406,22.784,22.134,22.609,42936.000
2016-04-13,22.658,22.929,22.473,22.561,94715.000
2016-04-14,22.677,22.948,22.473,22.948,56910.000
2016-04-15,22.619,22.842,22.512,22.735,54369.000
2016-04-18,22.202,22.590,22.105,22.590,45766.000
2016-04-19,22.134,22.435,21.998,22.328,39042.000
2016-04-20,21.378,22.289,20.942,22.153,83628.000
2016-04-21,21.232,21.455,21.135,21.232,39923.000
2016-04-22,21.242,21.310,21.019,21.184,27013.000
2016-04-25,21.000,21.242,20.845,21.242,33990.000
2016-04-26,21.455,21.465,21.038,21.038,37162.000
2016-04-27,21.475,21.572,21.261,21.358,28768.000
2016-04-28,21.494,21.717,21.213,21.640,34117.000
2016-04-29,21.368,21.514,21.213,21.417,29665.000
2016-05-03,22.464,22.473,21.320,21.388,139640.000
2016-05-04,22.396,22.842,22.299,22.745,103062.000
2016-05-05,22.454,22.464,22.231,22.406,48812.000
2016-05-06,21.688,22.667,21.649,22.473,68746.000
2016-05-09,21.339,21.707,21.038,21.523,50693.000
2016-05-10,21.184,21.339,21.009,21.009,44396.000
2016-05-11,22.658,23.307,21.174,21.310,319560.000
2016-05-12,23.288,23.317,22.202,22.309,254371.000
2016-05-13,23.201,23.462,22.793,23.113,161108.000
2016-05-16,23.375,23.695,23.016,23.016,175465.000
2016-05-17,22.900,23.627,22.861,23.394,121155.000
2016-05-18,22.551,22.842,22.115,22.716,115569.000
2016-05-19,22.473,22.793,22.250,22.435,86619.000
2016-05-20,23.365,23.443,22.124,22.299,159757.000
2016-05-23,23.278,23.453,23.074,23.365,125776.000
2016-05-24,23.055,23.268,22.774,23.268,78810.000
2016-05-25,22.619,23.317,22.570,23.104,85499.000
2016-05-26,22.570,22.851,22.037,22.677,78466.000
2016-05-27,22.570,22.813,22.299,22.473,55666.000
2016-05-30,22.299,22.609,22.212,22.444,43633.000
2016-05-31,23.142,23.259,22.299,22.328,122442.000
2016-06-01,23.045,23.268,22.929,23.123,100205.000
2016-06-02,24.102,24.122,22.958,22.978,213889.000
2016-06-03,24.112,24.480,23.802,23.918,163463.000
2016-06-06,24.073,24.345,23.802,24.112,77621.000
2016-06-07,23.840,24.189,23.685,24.083,73137.000
2016-06-08,23.714,23.889,23.472,23.763,60672.000
2016-06-13,22.803,23.685,22.764,23.365,88627.000
2016-06-14,22.958,22.978,22.512,22.570,52886.000
2016-06-15,23.297,23.443,22.522,22.541,133227.000
2016-06-16,22.987,23.249,22.764,23.249,74891.000
2016-06-17,23.055,23.365,22.910,23.007,68773.000
2016-06-20,23.181,23.288,22.493,23.036,74329.000
2016-06-21,23.055,23.763,22.919,23.297,92647.000
2016-06-22,23.336,23.356,22.900,23.065,48540.000
2016-06-23,23.695,23.937,23.171,23.346,114673.000
2016-06-24,23.113,23.724,22.599,23.462,82385.000
2016-06-27,23.550,23.579,22.958,22.978,61519.000
2016-06-28,24.054,24.296,23.336,23.365,155458.000
2016-06-29,23.821,24.092,23.753,24.092,78463.000
2016-06-30,23.889,24.228,23.821,23.850,64112.000
2016-07-01,23.627,24.034,23.491,23.996,59004.000
2016-07-04,23.879,23.947,23.365,23.472,81852.000
2016-07-05,24.354,24.577,23.773,23.918,126258.000
2016-07-06,25.140,25.275,24.015,24.219,191823.000
2016-07-07,25.004,25.983,24.955,25.140,199611.000
2016-07-08,24.810,25.159,24.791,24.917,87014.000
2016-07-11,25.576,25.886,24.926,24.926,177499.000
2016-07-12,26.914,26.982,25.595,25.595,263942.000
2016-07-13,26.691,27.001,26.332,26.923,136154.000
2016-07-14,26.759,27.243,26.342,26.633,105208.000
2016-07-15,26.381,26.700,26.090,26.584,90754.000
2016-07-18,26.031,26.371,25.595,26.371,91103.000
2016-07-19,25.450,25.944,25.217,25.721,123808.000
2016-07-20,25.605,25.857,25.440,25.479,71529.000
2016-07-21,25.876,26.225,25.605,25.624,80447.000
2016-07-22,25.343,25.886,25.314,25.886,62831.000
2016-07-25,25.983,26.012,25.159,25.207,69467.000
2016-07-26,26.565,26.584,25.857,25.983,99094.000
2016-07-27,25.731,26.759,25.043,26.623,140922.000
2016-07-28,26.613,26.633,25.217,25.605,148047.000
2016-07-29,26.477,27.311,26.410,26.477,145943.000
2016-08-01,25.188,26.536,24.810,26.536,144426.000
2016-08-02,25.324,25.401,24.955,25.198,49562.000
2016-08-03,25.324,25.518,25.110,25.304,42390.000
2016-08-04,25.227,25.440,24.975,25.440,51328.000
2016-08-05,24.732,25.207,24.703,25.198,66729.000
2016-08-08,25.333,25.343,24.432,24.713,63809.000
2016-08-09,25.518,25.586,25.072,25.304,51786.000
2016-08-10,24.984,25.595,24.858,25.469,73838.000
2016-08-11,24.975,25.188,24.907,24.955,37174.000
2016-08-12,25.343,25.363,24.897,24.975,53043.000
2016-08-15,25.915,25.983,25.169,25.392,86970.000
2016-08-16,25.624,26.099,25.586,25.886,115654.000
2016-08-17,25.682,25.828,25.459,25.663,74974.000
2016-08-18,25.188,25.595,25.110,25.595,114612.000
2016-08-19,25.198,25.392,25.033,25.227,51691.000
2016-08-22,25.033,25.508,24.917,25.207,69287.000
2016-08-23,25.198,25.275,24.965,25.043,49414.000
2016-08-24,25.004,25.285,24.878,25.198,77732.000
2016-08-25,24.597,24.994,24.432,24.994,94928.000
2016-08-26,24.713,24.955,24.635,24.703,56664.000
2016-08-29,24.810,24.897,24.635,24.703,42851.000
2016-08-30,24.606,24.994,24.509,24.917,55488.000
2016-08-31,24.606,24.684,24.306,24.606,53751.000
2016-09-01,24.529,24.713,24.519,24.568,32211.000
2016-09-02,24.723,24.761,24.412,24.500,47922.000
2016-09-05,24.926,24.965,24.606,24.694,54329.000
2016-09-06,24.868,25.004,24.606,24.965,73981.000
2016-09-07,24.946,24.955,24.761,24.955,64068.000
2016-09-08,24.752,24.917,24.626,24.917,51571.000
2016-09-09,24.538,24.771,24.500,24.742,41609.000
2016-09-12,23.850,24.219,23.559,24.219,86102.000
2016-09-13,23.831,23.908,23.695,23.869,29566.000
2016-09-14,23.763,23.899,23.685,23.831,22462.000
2016-09-19,23.899,24.005,23.462,23.773,32152.000
2016-09-20,23.957,24.141,23.831,23.957,24225.000
2016-09-21,23.908,24.063,23.879,23.899,20118.000
2016-09-22,23.976,24.151,23.908,24.034,33487.000
2016-09-23,23.821,24.112,23.782,24.044,23241.000
2016-09-26,23.734,23.996,23.724,23.792,35894.000
2016-09-27,23.792,23.821,23.462,23.646,36200.000
2016-09-28,23.782,23.869,23.714,23.850,26245.000
2016-09-29,23.743,23.918,23.714,23.821,33391.000
2016-09-30,23.695,23.879,23.666,23.705,19218.000
2016-10-10,24.335,24.374,23.811,23.831,45019.000
2016-10-11,24.267,24.345,24.151,24.315,32288.000
2016-10-12,24.151,24.228,24.044,24.199,27601.000
2016-10-13,24.248,24.393,24.092,24.122,41787.000
2016-10-14,24.199,24.238,24.034,24.228,26119.000
2016-10-17,23.928,24.219,23.850,24.219,36735.000
2016-10-18,24.189,24.219,23.869,23.947,31380.000
2016-10-19,24.063,24.248,23.957,24.228,24742.000
2016-10-20,23.947,24.180,23.908,24.180,31335.000
2016-10-21,24.005,24.151,23.879,23.947,28841.000
2016-10-24,24.306,24.354,23.947,23.947,49183.000
2016-10-25,24.315,24.374,24.160,24.267,41216.000
2016-10-26,24.480,24.781,24.315,24.432,95463.000
2016-10-27,24.451,24.577,24.383,24.577,37129.000
2016-10-28,24.141,24.558,24.131,24.441,35038.000
2016-10-31,23.966,24.238,23.889,24.122,36853.000
2016-11-01,26.080,26.361,24.092,24.092,449827.000
2016-11-02,25.275,25.789,25.033,25.644,292594.000
2016-11-03,25.236,25.440,24.936,25.023,149774.000
2016-11-04,24.897,25.363,24.849,25.236,109424.000
2016-11-07,24.936,25.149,24.800,24.868,58930.000
2016-11-08,25.101,25.188,24.897,25.081,67610.000
2016-11-09,24.664,25.091,24.383,25.062,81992.000
2016-11-10,24.868,25.072,24.732,24.810,69175.000
2016-11-11,24.829,24.858,24.587,24.820,83421.000
2016-11-14,24.742,24.975,24.558,24.897,94538.000
2016-11-15,24.820,24.839,24.597,24.800,68800.000
2016-11-16,24.781,24.936,24.664,24.810,74548.000
2016-11-17,24.635,24.771,24.558,24.723,55963.000
2016-11-18,24.684,24.994,24.587,24.635,70951.000
2016-11-21,24.800,24.858,24.616,24.723,66376.000
2016-11-22,24.849,24.907,24.713,24.887,66441.000
2016-11-23,24.742,24.926,24.635,24.820,60504.000
2016-11-24,25.130,25.343,24.645,24.752,142066.000
2016-11-25,25.120,25.304,24.810,25.188,82516.000
2016-11-28,25.032,25.307,25.003,25.248,86242.000
2016-11-29,25.111,25.641,24.964,25.140,141663.000
2016-11-30,24.669,25.111,24.620,25.111,86792.000
2016-12-01,24.758,24.885,24.601,24.630,49135.000
2016-12-02,24.326,24.836,24.110,24.777,74617.000
2016-12-05,24.336,24.424,23.993,24.032,43007.000
2016-12-06,24.120,24.346,24.012,24.228,38531.000
2016-12-07,24.277,24.316,24.032,24.199,31145.000
2016-12-08,24.228,24.405,24.110,24.277,42621.000
2016-12-09,24.316,24.326,24.110,24.199,46725.000
2016-12-12,23.796,24.385,23.541,24.356,84515.000
2016-12-13,23.218,23.738,23.051,23.689,73108.000
2016-12-14,22.982,23.335,22.933,23.228,43722.000
2016-12-15,23.012,23.129,22.825,22.855,29751.000
2016-12-16,23.071,23.198,22.963,23.041,26691.000
2016-12-19,23.080,23.179,22.904,23.071,22037.000
2016-12-20,23.090,23.169,22.845,23.090,28045.000
2016-12-21,23.296,23.522,23.110,23.129,43575.000
2016-12-22,23.424,23.502,23.247,23.306,28027.000
2016-12-23,23.149,23.522,23.051,23.385,23788.000
2016-12-26,23.306,23.326,22.982,23.139,20275.000
2016-12-27,23.071,23.316,23.061,23.306,23897.000
2016-12-28,23.002,23.198,22.884,23.120,26600.000
2016-12-29,22.884,23.002,22.816,22.982,33684.000
2016-12-30,23.522,23.796,23.051,23.120,93467.000
2017-01-03,23.483,23.728,23.129,23.551,42069.000
2017-01-04,23.532,23.610,23.257,23.443,41423.000
2017-01-05,23.512,23.659,23.424,23.640,31698.000
2017-01-06,23.659,23.836,23.551,23.551,36182.000
2017-01-09,23.718,23.816,23.561,23.757,32738.000
2017-01-10,23.551,23.738,23.492,23.708,27220.000
2017-01-11,23.365,23.679,23.355,23.541,29121.000
2017-01-12,23.365,23.581,23.296,23.581,31870.000
2017-01-13,23.453,23.483,23.159,23.247,32386.000
2017-01-16,23.434,23.591,23.002,23.247,78602.000
2017-01-17,23.630,23.669,23.277,23.424,46302.000
2017-01-18,23.836,23.963,23.551,23.659,57659.000
2017-01-19,23.777,23.914,23.689,23.738,35426.000
2017-01-20,23.836,23.944,23.689,23.767,26811.000
2017-01-23,23.679,24.081,23.640,23.826,44138.000
2017-01-24,23.777,23.875,23.610,23.659,28387.000
2017-01-25,24.032,24.052,23.689,23.836,38754.000
2017-01-26,24.120,24.208,23.993,24.061,31131.000
2017-02-03,24.052,24.159,23.953,24.081,18593.000
2017-02-06,24.169,24.336,24.042,24.042,28724.000
2017-02-07,24.081,24.208,23.904,24.169,32144.000
2017-02-08,24.081,24.110,23.816,24.042,29147.000
2017-02-09,24.061,24.120,23.953,24.081,33956.000
2017-02-10,24.120,24.267,24.052,24.081,41248.000
2017-02-13,24.483,24.503,24.042,24.130,77601.000
2017-02-14,24.503,24.620,24.277,24.473,59728.000
2017-02-15,24.493,24.797,24.365,24.365,131751.000
2017-02-16,24.385,24.522,24.199,24.434,50394.000
2017-02-17,24.218,24.503,24.199,24.385,40301.000
2017-02-20,24.513,24.522,24.071,24.218,82026.000
2017-02-21,24.836,24.915,24.336,24.522,112806.000
2017-02-22,25.081,25.356,24.954,24.964,155286.000
2017-02-23,25.081,25.189,24.856,25.150,56087.000
2017-02-24,25.062,25.229,24.915,24.983,50844.000
2017-02-27,25.435,25.660,25.091,25.091,109496.000
2017-02-28,25.454,25.572,25.229,25.405,60083.000
2017-03-01,26.249,26.631,25.454,25.484,237021.000
2017-03-02,26.160,26.778,26.033,26.366,157678.000
2017-03-03,26.514,26.759,26.121,26.160,140092.000
2017-03-06,26.347,26.582,26.151,26.533,64996.000
2017-03-07,25.964,26.317,25.699,26.298,106020.000
2017-03-08,25.896,26.239,25.719,25.935,73126.000
2017-03-09,26.013,26.092,25.533,25.945,57830.000
2017-03-10,26.612,26.759,25.905,25.945,116823.000
2017-03-13,27.671,28.024,26.572,26.572,196927.000
2017-03-14,27.534,27.749,27.161,27.671,72640.000
2017-03-15,27.416,27.573,27.082,27.553,56874.000
2017-03-16,27.602,28.142,27.338,27.338,117547.000
2017-03-17,27.230,27.936,27.200,27.622,87877.000
2017-03-20,27.661,27.936,27.269,27.269,106301.000
2017-03-21,28.828,29.407,27.681,27.681,180269.000
2017-03-22,28.887,29.427,28.466,28.632,163696.000
2017-03-23,28.907,29.083,28.348,28.868,95028.000
2017-03-24,29.152,29.613,28.770,28.907,102875.000
2017-03-27,28.436,29.152,28.211,29.152,130311.000
2017-03-28,28.152,28.593,27.857,28.475,95282.000
2017-03-29,28.073,28.632,28.063,28.230,66878.000
2017-03-30,27.720,28.034,27.249,28.034,94605.000
2017-03-31,27.926,27.955,27.534,27.661,63115.000
2017-04-05,27.681,27.906,27.279,27.906,122338.000
2017-04-06,27.288,27.632,27.259,27.465,92457.000
2017-04-07,27.602,28.005,27.318,27.318,122945.000
2017-04-10,28.054,28.309,27.543,27.543,115521.000
2017-04-11,27.504,28.034,26.592,27.916,129251.000
2017-04-12,27.288,27.465,26.975,27.367,64502.000
2017-04-13,27.347,27.543,27.102,27.171,36133.000
2017-04-14,26.994,27.377,26.896,27.367,53205.000
2017-04-17,27.514,27.534,26.641,27.053,58058.000
2017-04-18,27.632,28.289,27.416,27.465,92382.000
2017-04-19,27.485,27.936,27.073,27.465,107640.000
2017-04-20,28.613,29.123,27.387,27.387,178427.000
2017-04-21,28.613,28.721,28.024,28.446,83402.000
2017-04-24,28.201,28.446,26.876,28.446,93437.000
2017-04-25,27.789,28.112,27.583,27.955,53882.000
2017-04-26,28.005,28.495,27.514,27.661,78437.000
2017-04-27,27.357,28.014,27.063,28.014,104294.000
2017-04-28,27.122,27.445,26.827,27.171,70044.000
2017-05-02,27.033,27.200,26.827,27.073,49306.000
2017-05-03,27.190,27.338,26.965,26.975,56477.000
2017-05-04,26.847,27.220,26.739,27.151,61447.000
2017-05-05,26.239,26.847,26.003,26.847,99501.000
2017-05-08,26.347,26.484,25.896,26.003,44368.000
2017-05-09,25.503,26.288,25.464,26.249,67336.000
2017-05-10,25.493,25.827,25.405,25.748,56935.000
2017-05-11,25.886,25.896,25.307,25.405,60549.000
2017-05-12,26.396,26.533,25.896,25.905,53812.000
2017-05-15,26.896,26.984,26.219,26.366,58169.000
2017-05-16,27.279,27.436,26.582,26.837,59917.000
2017-05-17,26.798,27.406,26.651,27.122,77874.000
2017-05-18,26.425,26.818,26.268,26.563,46245.000
2017-05-19,26.592,26.680,26.386,26.425,31897.000
2017-05-22,27.112,27.308,26.494,26.651,74123.000
2017-05-23,27.514,27.543,26.876,27.132,93325.000
2017-05-24,27.465,27.494,26.886,27.494,45463.000
2017-05-25,27.789,27.887,27.082,27.279,59104.000
2017-05-26,27.033,27.828,26.896,27.789,69709.000
2017-05-31,27.494,27.504,26.769,27.063,72332.000
2017-06-01,27.897,27.926,27.073,27.406,92987.000
2017-06-02,27.524,27.887,27.328,27.740,61802.000
2017-06-05,27.092,27.504,26.876,27.504,65871.000
2017-06-06,27.210,27.230,26.837,27.014,50905.000
2017-06-07,27.632,27.818,27.092,27.171,72233.000
2017-06-08,28.426,28.505,27.543,27.622,128491.000
2017-06-09,28.318,28.789,28.132,28.358,88978.000
2017-06-12,28.672,29.231,28.191,28.201,103944.000
2017-06-13,28.691,28.809,28.387,28.691,53416.000
2017-06-14,28.279,28.927,28.083,28.721,58407.000
2017-06-15,28.024,28.387,27.661,28.289,81474.000
2017-06-16,27.789,28.024,27.710,27.906,48202.000
2017-06-19,27.887,27.975,27.543,27.946,65086.000
2017-06-20,27.396,27.975,27.298,27.926,98334.000
2017-06-21,27.955,27.985,27.416,27.534,119218.000
2017-06-22,27.436,28.240,27.053,27.906,163004.000
2017-06-23,27.867,27.906,27.014,27.181,88204.000
2017-06-26,28.328,28.426,27.789,27.838,127634.000
2017-06-27,28.426,28.534,28.044,28.338,93089.000
2017-06-28,27.838,28.387,27.740,28.387,81699.000
2017-06-29,27.759,27.946,27.494,27.779,77072.000
2017-06-30,28.485,28.524,27.563,27.612,125514.000
2017-07-03,28.721,28.828,28.358,28.544,137029.000
2017-07-04,28.446,28.789,28.289,28.740,120323.000
2017-07-05,28.534,28.583,28.201,28.446,87446.000
2017-07-06,27.867,28.544,27.593,28.544,144178.000
2017-07-07,27.838,27.936,27.534,27.818,72212.000
2017-07-10,27.622,27.897,27.553,27.828,61651.000
2017-07-11,27.387,27.799,27.367,27.789,69588.000
2017-07-12,27.063,27.485,26.837,27.328,77310.000
2017-07-13,27.132,27.259,27.004,27.092,51421.000
2017-07-14,27.338,27.367,27.043,27.328,56199.000
2017-07-17,26.593,27.326,26.167,27.326,78193.000
2017-07-18,26.474,26.603,26.088,26.563,60000.000
2017-07-19,26.742,26.851,26.266,26.445,69370.000
2017-07-20,27.039,27.059,26.553,26.831,78268.000
2017-07-21,26.871,27.098,26.771,26.970,47801.000
2017-07-24,26.930,26.989,26.662,26.851,57840.000
2017-07-25,26.692,27.257,26.662,27.029,61281.000
2017-07-26,26.266,26.742,26.108,26.653,83601.000
2017-07-27,26.385,26.484,26.009,26.256,59438.000
2017-07-28,26.484,26.524,26.197,26.385,43578.000
2017-07-31,26.732,26.801,26.246,26.613,56939.000
2017-08-01,26.801,26.861,26.504,26.732,47831.000
2017-08-02,26.276,26.890,26.266,26.890,49993.000
2017-08-03,26.236,26.395,26.118,26.316,48306.000
2017-08-04,25.959,26.336,25.900,26.256,63885.000
2017-08-07,26.841,26.900,26.018,26.167,113157.000
2017-08-08,26.603,26.880,26.544,26.752,73485.000
2017-08-09,27.009,27.198,26.643,26.712,107519.000
2017-08-10,27.059,27.098,26.464,26.989,89625.000
2017-08-11,26.811,26.950,26.514,26.861,65061.000
2017-08-14,26.999,27.188,26.742,26.752,76159.000
2017-08-15,26.871,27.138,26.752,27.049,43170.000
2017-08-16,25.860,26.900,25.701,26.811,177020.000
2017-08-17,25.909,26.068,25.771,25.909,81116.000
2017-08-18,25.860,25.909,25.731,25.860,59859.000
2017-08-21,26.682,26.999,26.425,26.553,184084.000
2017-08-22,27.108,27.198,26.504,26.553,149540.000
2017-08-23,27.415,27.822,26.900,27.108,146015.000
2017-08-24,27.297,27.584,27.168,27.346,71296.000
2017-08-25,27.475,27.485,27.108,27.376,72663.000
2017-08-28,27.287,27.564,27.188,27.455,115642.000
2017-08-29,26.980,27.277,26.890,27.277,79498.000
2017-08-30,27.524,27.624,27.029,27.079,94625.000
2017-08-31,27.495,27.713,27.376,27.425,63933.000
2017-09-01,27.505,27.653,27.316,27.524,49120.000
2017-09-04,27.227,27.505,27.158,27.505,79969.000
2017-09-05,27.425,27.475,27.079,27.287,60320.000
2017-09-06,27.128,27.346,26.999,27.346,46007.000
2017-09-07,27.445,27.574,27.019,27.198,84930.000
2017-09-08,26.960,27.564,26.900,27.515,68537.000
2017-09-11,26.514,26.950,26.385,26.950,95291.000
2017-09-12,26.662,26.752,26.415,26.553,57137.000
2017-09-13,26.960,27.118,26.524,26.583,62576.000
2017-09-14,27.217,27.406,26.841,26.861,84515.000
2017-09-15,27.306,27.396,27.029,27.198,63340.000
2017-09-18,27.287,27.515,27.178,27.306,56704.000
2017-09-19,27.277,27.683,27.178,27.415,60017.000
2017-09-20,26.930,27.257,26.900,27.247,67145.000
2017-09-21,26.831,27.059,26.732,26.950,52134.000
2017-09-22,26.970,27.069,26.791,26.841,41219.000
2017-09-25,27.346,27.425,26.752,26.999,74562.000
2017-09-26,27.079,27.386,26.940,27.336,42985.000
2017-09-27,27.465,27.495,27.079,27.198,68271.000
2017-09-28,27.564,27.663,27.237,27.465,84484.000
2017-09-29,27.554,27.772,27.415,27.584,75576.000
2017-10-09,28.456,28.476,27.594,27.772,155309.000
2017-10-10,28.713,29.070,28.297,28.386,192146.000
2017-10-11,28.565,29.328,28.476,28.723,134230.000
2017-10-12,28.585,28.753,28.297,28.535,82180.000
2017-10-13,28.575,29.021,28.525,28.614,93939.000
2017-10-16,28.951,29.060,28.367,28.634,118019.000
2017-10-17,28.208,29.021,28.060,28.862,113147.000
2017-10-18,30.160,30.200,28.149,28.277,290994.000
2017-10-19,30.408,30.616,29.883,30.170,229313.000
2017-10-20,30.160,30.289,29.734,30.229,123457.000
2017-10-23,31.329,31.656,30.229,30.675,233649.000
2017-10-24,31.557,31.934,31.091,31.676,179099.000
2017-10-25,31.904,32.369,31.240,31.597,151175.000
2017-10-26,31.507,32.885,31.210,31.696,225164.000
2017-10-27,31.418,31.676,30.844,31.319,196839.000
2017-10-30,31.844,32.201,30.893,31.488,229822.000
2018-01-08,29.575,30.418,28.882,29.873,488736.000
2018-01-09,29.714,29.744,28.813,29.328,309410.000
2018-01-10,29.110,29.605,28.951,29.486,162129.000
2018-01-11,28.961,29.080,28.634,29.030,136534.000
2018-01-12,29.655,29.833,28.803,28.961,202675.000
2018-01-15,30.120,30.655,29.437,29.585,229272.000
2018-01-16,29.912,30.120,29.566,30.021,190236.000
2018-01-17,29.159,30.101,28.852,29.724,166633.000
2018-01-18,28.713,29.377,28.555,29.169,168848.000
2018-01-19,28.832,28.991,28.505,28.723,110521.000
2018-01-22,29.100,29.130,28.406,28.733,120397.000
2018-01-23,28.664,29.090,28.595,29.090,140512.000
2018-01-24,28.753,28.813,28.168,28.723,179785.000
2018-01-25,28.981,29.100,28.347,28.654,152566.000
2018-01-26,29.011,29.199,28.694,28.902,108055.000
2018-01-29,28.753,29.278,28.466,28.981,106062.000
2018-01-30,27.822,28.723,27.802,28.634,142137.000
2018-01-31,27.316,27.742,26.999,27.703,130987.000
2018-02-01,27.406,27.425,26.771,27.148,115783.000
2018-02-02,27.079,27.297,26.940,27.098,99279.000
2018-02-05,26.851,27.059,26.563,26.682,73023.000
2018-02-06,25.840,26.395,25.345,26.197,151192.000
2018-02-07,25.077,26.246,24.770,25.959,120243.000
2018-02-08,25.414,25.573,24.919,25.057,75388.000
2018-02-09,23.908,24.780,23.145,24.651,144270.000
2018-02-12,24.126,24.294,23.779,23.958,72234.000
2018-02-13,24.503,24.651,24.156,24.285,81156.000
2018-02-14,24.443,24.612,24.215,24.542,57408.000
2018-02-22,24.909,24.968,24.522,24.651,72380.000
2018-02-23,24.829,25.057,24.602,24.958,62290.000
2018-02-26,25.434,25.474,24.701,24.899,83072.000
2018-02-27,25.622,26.207,25.305,25.483,117148.000
2018-02-28,25.543,25.800,25.176,25.672,63787.000
2018-03-01,25.612,25.820,25.295,25.454,50289.000
2018-03-02,25.216,25.464,25.166,25.424,56666.000
2018-03-05,25.325,25.345,24.919,25.236,62672.000
2018-03-06,26.157,26.207,25.345,25.414,89533.000
2018-03-07,25.949,26.375,25.810,26.088,66854.000
2018-03-08,26.504,26.662,25.880,25.939,89076.000
2018-03-09,26.583,26.692,26.296,26.494,62125.000
2018-03-12,26.771,27.079,26.613,26.623,77798.000
2018-03-13,26.345,26.771,26.276,26.771,55363.000
2018-03-14,26.296,26.425,25.959,26.345,57983.000
2018-03-15,26.583,26.593,26.068,26.167,56667.000
2018-03-16,26.692,27.138,26.672,27.128,111071.000
2018-03-19,27.673,27.723,26.653,26.722,138096.000
2018-03-20,29.030,29.130,27.406,27.515,264196.000
2018-03-21,28.842,29.229,28.495,28.822,159967.000
2018-03-22,28.931,29.130,28.268,28.723,104827.000
2018-03-23,28.882,28.951,27.742,27.941,209443.000
2018-03-26,29.665,30.061,28.089,28.416,177148.000
2018-03-27,29.942,29.972,29.298,29.675,135338.000
2018-03-28,28.951,29.972,28.813,29.546,129824.000
2018-03-29,28.783,29.308,28.238,29.100,93989.000
2018-03-30,30.061,30.091,28.704,28.733,123474.000
2018-04-02,29.526,30.190,29.248,30.071,108642.000
2018-04-03,29.100,29.704,28.941,29.060,70199.000
2018-04-04,29.209,30.051,29.169,29.407,84295.000
2018-04-09,29.684,29.774,29.001,29.120,66545.000
2018-04-10,29.665,29.873,29.120,29.694,64164.000
2018-04-11,29.120,29.813,28.971,29.724,63990.000
2018-04-12,28.624,29.090,28.545,29.021,85312.000
2018-04-13,28.079,28.922,27.812,28.733,87944.000
2018-04-16,27.871,28.694,27.594,28.079,95679.000
2018-04-17,27.901,28.367,27.742,27.921,70130.000
2018-04-18,27.198,28.307,26.464,28.238,113553.000
2018-04-19,29.922,29.922,27.138,27.287,263215.000
2018-04-20,29.952,30.745,29.774,30.328,208674.000
2018-04-23,30.507,30.527,29.605,29.892,170131.000
2018-04-24,30.378,31.359,30.170,30.418,191448.000
2018-04-25,31.735,32.340,30.190,30.319,208642.000
2018-04-26,31.735,32.062,31.250,31.458,132284.000
2018-04-27,34.906,34.906,33.856,34.876,357823.000
2018-05-02,36.779,38.394,34.906,35.173,428976.000
2018-05-03,37.175,37.304,35.817,36.957,233839.000
2018-05-04,37.868,39.285,36.293,36.670,250848.000
2018-05-07,40.286,40.494,37.670,38.126,244011.000
2018-05-08,38.572,40.326,38.493,40.296,277523.000
2018-05-09,38.602,38.929,38.265,38.839,149682.000
2018-05-10,39.741,40.217,38.344,38.929,219388.000
2018-05-11,38.037,40.504,37.650,39.741,223415.000
2018-05-14,39.226,39.929,37.759,37.849,194775.000
2018-05-15,43.149,43.149,39.018,39.434,298641.000
2018-05-16,42.793,44.091,42.505,43.684,269483.000
2018-05-17,42.020,43.466,41.247,43.417,195261.000
2018-05-18,42.119,43.070,40.930,41.742,196609.000
2018-05-21,42.079,42.178,40.692,41.604,219186.000
2018-05-22,42.406,42.723,41.495,41.663,197940.000
2018-05-23,42.783,43.853,41.990,42.089,236898.000
2018-05-24,42.297,42.723,41.713,42.505,139948.000
2018-05-25,42.436,42.892,41.297,42.307,192834.000
2018-05-28,42.832,43.873,40.851,41.941,258591.000
2018-05-29,42.595,45.825,42.109,42.832,359381.000
2018-05-30,41.406,42.575,40.623,41.118,260940.000
2018-05-31,43.813,44.477,41.445,41.921,271494.000
2018-06-01,40.266,44.517,39.444,43.615,355712.000
2018-06-04,40.633,40.821,39.414,40.207,185738.000
2018-06-05,42.486,42.604,40.236,40.613,183403.000
2018-06-06,42.228,42.684,41.693,42.595,153545.000
2018-06-07,42.595,42.971,41.911,42.803,177156.000
2018-06-08,42.000,42.684,41.138,42.109,145556.000
2018-06-11,41.574,42.109,41.118,41.901,119804.000
2018-06-12,43.546,43.972,41.316,41.871,215036.000
2018-06-13,42.515,43.694,42.099,43.397,149841.000
2018-06-14,41.257,42.505,40.405,42.505,185907.000
2018-06-15,39.731,41.425,39.335,41.148,185953.000
2018-06-19,39.305,39.880,38.205,38.740,342409.000
2018-06-20,39.979,40.326,38.542,38.948,131799.000
2018-06-21,37.650,40.415,37.353,39.900,212430.000
2018-06-22,37.948,38.195,36.937,37.155,139800.000
2018-06-25,37.363,38.463,37.264,38.146,121453.000
2018-06-26,37.106,37.611,35.867,36.937,184362.000
2018-06-27,36.194,37.591,35.520,37.254,173140.000
2018-06-28,35.609,36.729,35.352,36.125,129066.000
2018-06-29,37.700,37.769,35.669,35.679,179088.000
2018-07-02,36.561,38.126,36.174,37.641,150800.000
2018-07-03,36.848,37.066,34.926,36.640,141053.000
2018-07-04,35.590,36.561,35.263,36.323,118898.000
2018-07-05,35.045,36.115,34.787,35.590,99830.000
2018-07-06,35.996,36.630,34.797,35.084,135643.000
2018-07-09,38.156,38.294,36.164,36.164,202355.000
2018-07-10,37.918,38.057,37.403,38.047,126625.000
2018-07-11,37.532,37.948,36.620,37.046,128021.000
2018-07-12,39.077,39.731,37.591,37.591,182896.000
2018-07-13,40.900,41.009,38.859,39.156,175591.000
2018-07-16,40.860,41.890,40.300,40.550,142732.000
2018-07-17,39.800,40.740,38.820,40.510,197744.570
2018-07-18,39.500,40.360,39.310,39.850,104081.000
2018-07-19,40.250,40.300,38.900,39.500,109138.000
2018-07-20,39.160,40.090,38.330,40.010,155177.670
2018-07-23,37.290,37.890,36.190,37.500,245462.890
2018-07-24,37.620,38.420,36.800,37.000,183988.260
2018-07-25,38.780,38.980,37.500,37.550,164723.900
2018-07-26,38.010,39.030,37.910,38.800,104707.960
2018-07-27,38.090,38.490,37.400,38.130,95183.860
2018-07-30,36.720,38.830,36.650,38.660,138658.440
2018-07-31,36.450,37.190,35.990,36.700,92238.040
2018-08-01,36.820,37.500,36.410,36.620,101002.800
2018-08-02,35.970,36.460,34.810,36.460,131502.500
2018-08-03,35.480,36.500,35.300,35.770,89319.760
2018-08-06,33.650,35.510,33.500,34.950,115538.550
2018-08-07,35.130,35.220,33.090,33.680,124002.780
2018-08-08,34.140,35.380,34.010,34.900,66290.630
2018-08-09,35.910,36.360,33.550,34.000,109373.910
2018-08-10,36.110,36.700,35.630,35.860,87354.490
2018-08-13,36.540,36.580,35.410,35.520,86141.150
2018-08-14,35.700,36.530,35.250,36.530,105226.340
2018-08-15,33.980,35.710,33.820,35.600,93841.030
2018-08-16,33.880,34.680,33.120,33.420,76383.500
2018-08-17,33.000,34.400,32.970,34.310,91911.290
2018-08-20,33.140,33.450,32.210,32.990,80856.500
2018-08-21,34.950,35.150,33.020,33.170,117939.840
2018-08-22,34.750,34.780,33.900,34.690,123757.350
2018-08-23,34.650,35.900,34.140,35.340,231811.320
2018-08-24,33.400,34.000,33.020,34.000,170384.450
2018-08-27,35.080,35.160,33.010,33.340,209366.140
2018-08-28,35.200,35.460,34.540,34.900,158289.000
2018-08-29,36.080,36.410,34.900,34.990,181568.000
2018-08-30,35.980,36.450,35.770,35.900,129287.220
2018-08-31,35.280,35.890,35.000,35.740,90282.950
2018-09-03,36.680,36.850,34.900,35.000,131946.000
2018-09-04,37.100,37.600,36.220,36.680,132668.000
2018-09-05,35.700,36.970,35.570,36.970,114609.000
2018-09-06,35.770,36.680,35.260,35.630,99554.000
2018-09-07,35.960,36.660,35.490,35.980,98143.000
2018-09-10,34.830,35.900,34.810,35.510,81533.000
2018-09-11,34.950,35.370,34.650,34.710,66017.060
2018-09-12,34.040,35.760,33.890,35.290,99144.700
2018-09-13,33.350,34.700,32.320,34.400,152972.020
2018-09-14,33.120,33.870,32.650,33.280,92512.190
2018-09-17,32.530,33.420,32.470,33.000,67577.810
2018-09-18,33.550,33.800,32.240,32.590,90407.000
2018-09-19,33.850,34.650,33.250,33.500,129023.330
2018-09-20,34.030,34.600,33.800,33.850,65537.970
2018-09-21,35.400,35.430,34.050,34.180,100067.700
2018-09-25,35.050,35.270,34.800,34.900,54446.460
2018-09-26,35.850,36.450,34.840,35.200,124525.590
2018-09-27,36.110,36.730,35.660,35.800,93993.090
2018-09-28,36.600,36.730,36.010,36.120,74066.320
2018-10-08,34.770,35.790,34.660,35.310,104171.830
2018-10-09,34.840,35.290,34.300,34.770,56548.000
2018-10-10,34.500,34.990,33.810,34.910,58636.000
2018-10-11,33.370,34.100,32.720,33.010,90808.000
2018-10-12,33.810,34.200,33.010,33.130,65749.000
2018-10-15,33.050,34.150,32.860,33.810,58379.410
2018-10-16,32.000,33.570,31.660,33.000,91323.000
2018-10-17,33.530,33.560,32.030,32.550,97424.000
2018-10-18,32.930,33.660,32.760,33.210,69937.700
2018-10-19,34.110,34.380,32.020,32.080,96003.000
2018-10-22,35.600,36.190,34.190,34.400,127296.000
2018-10-23,34.750,36.000,34.230,35.480,93227.000
2018-10-24,34.120,35.170,33.570,34.350,80705.530
2018-10-25,35.350,35.590,32.680,33.010,91432.560
2018-10-26,34.900,35.690,34.370,35.500,68035.460
2018-10-29,32.800,35.090,32.680,35.000,86199.910
2018-10-30,36.080,36.080,33.310,33.320,186872.000
2018-10-31,36.860,37.270,35.910,36.390,174752.000
2018-11-01,37.650,38.900,36.550,36.790,195618.000
2018-11-02,38.390,38.680,37.810,38.250,161264.000
2018-11-05,37.950,38.660,37.500,38.080,110319.000
2018-11-06,38.450,38.500,37.380,37.800,110679.000
2018-11-07,38.010,38.730,37.580,38.400,123215.000
2018-11-08,37.950,38.560,37.720,38.400,86435.000
2018-11-09,37.990,38.260,37.450,37.660,57615.000
2018-11-12,37.920,38.040,36.770,37.900,99454.740
2018-11-13,39.040,39.260,37.200,37.330,137947.030
2018-11-14,37.610,38.990,37.450,38.990,130543.000
2018-11-15,37.980,38.140,37.310,37.400,78400.000
2018-11-16,37.420,38.090,37.150,37.800,105963.000
2018-11-19,37.590,37.960,37.160,37.500,92468.000
2018-11-20,36.450,37.570,36.380,37.250,93797.910
2018-11-21,36.820,37.270,36.050,36.060,71555.860
2018-11-22,36.860,37.250,36.400,36.820,55938.970
2018-11-23,35.850,37.130,35.800,36.650,74033.000
2018-11-26,36.120,36.440,35.770,35.770,49303.000
2018-11-27,35.870,36.390,35.600,36.300,52479.990
2018-11-28,35.980,36.160,35.120,35.820,73315.870
2018-11-29,35.720,36.930,35.700,36.100,95774.920
2018-11-30,37.880,37.880,35.850,35.850,182429.370
2018-12-03,39.380,40.120,38.310,38.770,197865.530
2018-12-04,39.540,39.710,38.880,39.030,104100.480
2018-12-05,39.600,40.070,38.870,39.000,126950.050
2018-12-06,37.950,39.300,37.530,39.000,182733.960
2018-12-07,38.090,38.450,37.010,38.140,135437.000
2018-12-10,37.100,38.540,36.910,37.650,120008.000
2018-12-11,37.880,38.150,37.390,37.390,94820.000
2018-12-12,37.780,38.500,37.500,37.880,65075.840
2018-12-13,38.170,38.480,37.570,38.130,93078.100
2018-12-14,36.990,38.050,36.750,38.010,119739.200
2018-12-17,36.550,36.790,36.060,36.690,77759.000
2018-12-18,36.210,36.750,35.870,36.260,69456.000
2018-12-19,35.370,36.450,35.130,36.410,83083.000
2018-12-20,35.100,35.290,34.380,34.790,81189.000
2018-12-21,35.200,35.200,34.510,34.860,50791.000
2018-12-24,35.830,35.970,35.000,35.150,60950.000
2018-12-25,35.590,35.860,34.880,35.480,55717.000
2018-12-26,34.660,35.860,34.600,35.670,53234.000
2018-12-27,34.560,35.290,34.410,35.160,49042.000
2018-12-28,35.760,35.950,34.800,34.980,80491.000
2019-01-02,34.270,35.730,34.090,35.730,76559.390
2019-01-03,33.340,34.550,33.290,34.160,60084.550
2019-01-04,34.240,34.380,32.800,32.910,66080.470
2019-01-07,34.110,34.340,33.560,34.300,67219.920
2019-01-08,34.000,34.260,33.710,33.960,32699.470
2019-01-09,34.720,35.380,34.080,34.080,82195.180
2019-01-10,34.800,35.160,34.200,34.650,52142.200
2019-01-11,34.950,35.150,34.550,34.700,43617.040
2019-01-14,34.250,34.970,34.050,34.870,35201.720
2019-01-15,36.130,36.150,34.210,34.230,95038.880
2019-01-16,36.160,36.300,35.620,35.800,54155.670
2019-01-17,35.780,36.230,35.680,36.100,46926.430
2019-01-18,36.710,36.990,35.820,36.010,85836.000
2019-01-21,36.320,37.170,35.980,36.670,75706.000
2019-01-22,35.990,36.300,35.760,36.300,42570.000
2019-01-23,36.300,36.360,35.830,35.850,33767.440
2019-01-24,36.550,36.690,35.570,36.360,50391.680
2019-01-25,36.180,36.850,36.130,36.400,54973.900
2019-01-28,36.270,37.080,36.100,36.180,54938.710
