date,close,high,low,open,volume
2002-05-30,5.048,5.147,4.768,4.978,427389.080
2002-05-31,4.924,5.011,4.867,4.953,114900.120
2002-06-03,4.994,5.052,4.838,4.891,109295.660
2002-06-04,5.019,5.056,4.920,5.011,60265.140
2002-06-05,4.982,5.027,4.928,5.023,38600.450
2002-06-06,5.250,5.435,4.920,4.978,173685.150
2002-06-07,5.295,5.385,5.184,5.245,132292.470
2002-06-10,5.373,5.476,5.250,5.295,72945.740
2002-06-11,5.348,5.427,5.324,5.390,44395.340
2002-06-12,5.295,5.373,5.213,5.344,41737.630
2002-06-13,5.233,5.324,5.217,5.278,25836.030
2002-06-14,5.122,5.270,5.085,5.196,29968.030
2002-06-17,5.171,5.175,5.040,5.073,16419.890
2002-06-18,5.287,5.361,5.147,5.171,43394.160
2002-06-19,5.188,5.307,5.171,5.303,15197.760
2002-06-20,5.188,5.328,5.184,5.188,17494.200
2002-06-21,5.406,5.509,5.196,5.196,65342.100
2002-06-24,5.945,5.945,5.945,5.945,45471.010
2002-06-25,6.131,6.522,6.098,6.258,171599.580
2002-06-26,6.176,6.234,5.962,6.048,61559.510
2002-06-27,6.238,6.370,6.061,6.176,49760.830
2002-06-28,6.090,6.300,5.970,6.217,38019.330
2002-07-02,6.102,6.131,5.929,5.978,18438.570
2002-07-03,6.143,6.209,6.048,6.102,12858.410
2002-07-04,6.032,6.197,6.011,6.155,11590.200
2002-07-05,6.094,6.172,6.011,6.020,15068.630
2002-07-08,6.221,6.246,6.052,6.085,27375.960
2002-07-09,6.151,6.254,6.127,6.217,16847.070
2002-07-10,6.028,6.164,6.011,6.131,19157.130
2002-07-11,6.061,6.102,5.987,6.028,9991.510
2002-07-12,5.995,6.077,5.987,6.057,8226.490
2002-07-15,5.826,5.991,5.814,5.974,13567.270
2002-07-16,5.764,5.929,5.715,5.830,12875.190
2002-07-17,5.830,5.838,5.707,5.764,11720.500
2002-07-18,5.822,5.867,5.777,5.847,6029.130
2002-07-19,5.863,5.863,5.797,5.822,5931.900
2002-07-22,5.653,5.908,5.637,5.908,15037.360
2002-07-23,5.653,5.719,5.620,5.641,9481.520
2002-07-24,5.698,5.744,5.641,5.703,6102.350
2002-07-25,5.690,5.764,5.682,5.723,4148.900
2002-07-26,5.690,5.744,5.653,5.690,3661.430
2002-07-29,5.851,5.867,5.661,5.682,13143.710
2002-07-30,5.810,5.847,5.772,5.847,3643.260
2002-07-31,5.711,5.838,5.682,5.764,4966.490
2002-08-01,5.678,5.727,5.620,5.682,3901.000
2002-08-02,5.764,5.826,5.682,5.682,4291.850
2002-08-05,5.760,5.826,5.727,5.764,2152.000
2002-08-06,5.793,5.847,5.665,5.744,5724.010
2002-08-07,5.777,5.805,5.748,5.764,2843.410
2002-08-08,5.744,5.805,5.731,5.805,2483.400
2002-08-09,5.678,5.735,5.624,5.735,7060.830
2002-08-12,5.633,5.678,5.595,5.678,4153.990
2002-08-13,5.641,5.678,5.604,5.604,1979.700
2002-08-14,5.674,5.694,5.612,5.633,1833.000
2002-08-15,5.604,5.715,5.600,5.707,2166.100
2002-08-16,5.291,5.435,5.270,5.373,24269.990
2002-08-19,5.167,5.291,5.163,5.229,14602.490
2002-08-20,5.237,5.270,5.159,5.159,9981.220
2002-08-21,5.233,5.266,5.217,5.250,7877.640
2002-08-22,5.353,5.381,5.229,5.229,11842.580
2002-08-23,5.390,5.418,5.303,5.353,11346.940
2002-08-26,5.311,5.373,5.307,5.361,6068.840
2002-08-27,5.348,5.381,5.307,5.311,6655.210
2002-08-28,5.381,5.460,5.377,5.423,10886.070
2002-08-29,5.315,5.394,5.307,5.394,3966.610
2002-08-30,5.303,5.340,5.278,5.320,2880.400
2002-09-02,5.353,5.369,5.291,5.291,2344.400
2002-09-03,5.311,5.361,5.299,5.357,4385.250
2002-09-04,5.245,5.311,5.225,5.295,4541.500
2002-09-05,5.155,5.237,5.138,5.237,9569.870
2002-09-06,5.085,5.204,5.064,5.155,7125.290
2002-09-09,5.101,5.118,5.003,5.064,5513.120
2002-09-10,5.097,5.118,5.044,5.093,2867.220
2002-09-11,5.093,5.101,5.023,5.097,2835.280
2002-09-12,5.138,5.180,5.064,5.073,3484.910
2002-09-13,5.138,5.171,5.105,5.105,1823.100
2002-09-16,5.056,5.138,5.044,5.138,2745.530
2002-09-17,5.105,5.138,5.056,5.060,3342.600
2002-09-18,5.105,5.147,5.077,5.105,2303.020
2002-09-19,5.262,5.270,5.110,5.114,12588.460
2002-09-20,5.217,5.254,5.188,5.254,5782.450
2002-09-23,5.254,5.270,5.192,5.192,4072.980
2002-09-24,5.229,5.262,5.200,5.241,2477.800
2002-09-25,5.208,5.245,5.188,5.188,2285.870
2002-09-26,5.114,5.262,5.110,5.217,4808.400
2002-09-27,5.085,5.147,5.064,5.110,2144.190
2002-10-08,5.027,5.064,4.998,5.064,4755.610
2002-10-09,4.846,5.015,4.776,5.015,6448.510
2002-10-10,4.821,4.916,4.797,4.813,4674.390
2002-10-11,4.801,4.858,4.735,4.817,4896.250
2002-10-14,4.776,4.784,4.677,4.776,4744.110
2002-10-16,4.817,4.879,4.702,4.756,3890.680
2002-10-17,4.735,4.863,4.735,4.817,2550.060
2002-10-18,4.714,4.760,4.603,4.694,5189.830
2002-10-21,4.747,4.760,4.653,4.694,2366.000
2002-10-22,4.821,4.900,4.756,4.776,5380.700
2002-10-23,4.817,4.854,4.797,4.817,2287.280
2002-10-24,4.751,4.838,4.747,4.838,3184.000
2002-10-25,4.611,4.768,4.591,4.735,6556.500
2002-10-28,4.443,4.595,4.397,4.595,9028.090
2002-10-29,4.397,4.471,4.253,4.406,7989.340
2002-10-30,4.389,4.438,4.331,4.406,3404.040
2002-10-31,4.401,4.508,4.364,4.443,4658.000
2002-11-01,4.401,4.430,4.315,4.401,2971.790
2002-11-04,4.504,4.525,4.430,4.467,6085.490
2002-11-05,4.731,4.735,4.476,4.517,22890.970
2002-11-06,4.710,4.760,4.694,4.731,7900.300
2002-11-07,4.669,4.714,4.620,4.714,7228.290
2002-11-08,4.496,4.768,4.488,4.751,7870.000
2002-11-11,4.397,4.500,4.377,4.476,4559.830
2002-11-12,4.299,4.438,4.274,4.364,7675.890
2002-11-13,4.303,4.344,4.241,4.311,6923.110
2002-11-14,4.311,4.393,4.257,4.323,6767.090
2002-11-15,4.640,4.743,4.286,4.286,74298.620
2002-11-18,4.686,4.694,4.533,4.603,37703.170
2002-11-19,4.710,4.747,4.574,4.632,24076.200
2002-11-20,4.513,4.669,4.508,4.669,21653.900
2002-11-21,4.620,4.640,4.467,4.513,26640.200
2002-11-22,4.731,4.850,4.550,4.644,56875.620
2002-11-25,4.710,4.809,4.673,4.714,25712.470
2002-11-26,4.430,4.760,4.406,4.756,27064.500
2002-11-27,4.521,4.541,4.278,4.389,19700.970
2002-11-28,4.747,4.793,4.344,4.344,21369.850
2002-11-29,4.900,5.044,4.694,4.756,86782.750
2002-12-02,4.863,5.052,4.838,4.896,45568.520
2002-12-03,4.982,5.003,4.817,4.846,29409.330
2002-12-04,4.928,5.085,4.920,5.003,29443.830
2002-12-05,4.920,4.957,4.821,4.920,14113.320
2002-12-06,4.858,4.941,4.826,4.908,9466.790
2002-12-09,4.842,4.928,4.805,4.805,6842.940
2002-12-10,4.735,4.933,4.735,4.842,13496.690
2002-12-11,4.718,4.764,4.620,4.686,15018.400
2002-12-12,4.756,4.850,4.706,4.710,12575.160
2002-12-13,4.916,4.941,4.653,4.686,21101.410
2002-12-16,4.957,4.986,4.875,4.916,16001.650
2002-12-17,4.924,4.978,4.891,4.957,10210.100
2002-12-18,4.867,5.035,4.842,4.928,14601.870
2002-12-19,4.920,4.928,4.813,4.838,6241.110
2002-12-20,4.957,5.007,4.920,4.920,12104.210
2002-12-23,4.904,4.982,4.900,4.966,10411.570
2002-12-24,4.941,4.941,4.858,4.887,5502.700
2002-12-25,4.986,5.056,4.941,4.982,18449.130
2002-12-26,4.747,5.003,4.743,4.941,18155.860
2002-12-27,4.706,4.809,4.644,4.714,12155.730
2002-12-30,4.480,4.690,4.447,4.681,17871.860
2002-12-31,4.360,4.550,4.323,4.455,11971.880
2003-01-02,4.327,4.406,4.261,4.274,9024.430
2003-01-03,4.397,4.397,4.294,4.307,5612.780
2003-01-06,4.443,4.447,4.327,4.381,4863.200
2003-01-07,4.414,4.517,4.364,4.447,5887.950
2003-01-08,4.578,4.591,4.368,4.406,9797.590
2003-01-09,4.624,4.648,4.508,4.578,17296.140
2003-01-10,4.529,4.648,4.525,4.632,10466.900
2003-01-13,4.447,4.521,4.438,4.488,8359.230
2003-01-14,4.756,4.817,4.447,4.447,26638.700
2003-01-15,4.718,4.809,4.673,4.776,21371.320
2003-01-16,4.850,4.933,4.694,4.718,19326.070
2003-01-17,4.793,4.924,4.747,4.863,11457.110
2003-01-20,4.776,4.784,4.665,4.776,8837.430
2003-01-21,4.640,4.817,4.632,4.780,10085.900
2003-01-22,4.677,4.760,4.591,4.611,7556.460
2003-01-23,4.599,4.706,4.595,4.653,4042.900
2003-01-24,4.657,4.686,4.591,4.599,6247.630
2003-01-27,4.723,4.756,4.661,4.694,7245.690
2003-01-28,4.743,4.747,4.690,4.714,7270.390
2003-01-29,4.788,4.809,4.743,4.743,10427.060
2003-02-10,4.780,4.838,4.694,4.797,6390.290
2003-02-11,4.817,4.826,4.702,4.743,5029.870
2003-02-12,4.846,4.867,4.805,4.858,7333.390
2003-02-13,4.776,4.879,4.772,4.858,8710.390
2003-02-14,4.780,4.817,4.751,4.776,5115.590
2003-02-17,4.751,4.891,4.735,4.780,7389.500
2003-02-18,4.735,4.776,4.727,4.735,4010.960
2003-02-19,4.747,4.751,4.665,4.735,5959.910
2003-02-20,4.714,4.772,4.686,4.756,4787.690
2003-02-21,4.587,4.714,4.562,4.714,8242.610
2003-02-24,4.583,4.632,4.529,4.562,3918.770
2003-02-25,4.694,4.698,4.587,4.611,5499.070
2003-02-26,4.669,4.727,4.653,4.694,4585.000
2003-02-27,4.653,4.702,4.624,4.669,5667.000
2003-02-28,4.694,4.714,4.620,4.673,3569.800
2003-03-03,4.788,4.793,4.686,4.698,13655.600
2003-03-04,4.768,4.867,4.751,4.809,15804.540
2003-03-05,4.731,4.797,4.686,4.797,7829.810
2003-03-06,4.653,4.727,4.611,4.714,4594.680
2003-03-07,4.653,4.686,4.624,4.632,3356.200
2003-03-10,4.550,4.653,4.550,4.653,4487.500
2003-03-11,4.546,4.591,4.521,4.550,3766.000
2003-03-12,4.517,4.570,4.447,4.546,4252.010
2003-03-13,4.459,4.550,4.447,4.525,3399.510
2003-03-14,4.537,4.574,4.488,4.521,4201.890
2003-03-17,4.504,4.541,4.447,4.537,2879.580
2003-03-18,4.418,4.533,4.418,4.500,4086.000
2003-03-19,4.410,4.455,4.368,4.397,2703.130
2003-03-20,4.414,4.467,4.389,4.410,4134.840
2003-03-21,4.447,4.471,4.389,4.426,4276.470
2003-03-24,4.488,4.504,4.447,4.447,1745.040
2003-03-25,4.410,4.480,4.393,4.480,2817.000
2003-03-26,4.377,4.406,4.364,4.385,2687.000
2003-03-27,4.488,4.570,4.340,4.340,7210.010
2003-03-28,4.488,4.550,4.455,4.484,9591.510
2003-03-31,4.587,4.624,4.463,4.488,9756.550
2003-04-01,4.562,4.591,4.533,4.578,5930.000
2003-04-02,4.574,4.616,4.529,4.566,6534.140
2003-04-03,4.574,4.611,4.508,4.574,7630.490
2003-04-04,4.578,4.599,4.541,4.570,4160.260
2003-04-07,4.533,4.591,4.508,4.578,5605.090
2003-04-08,4.562,4.587,4.467,4.550,8347.990
2003-04-09,4.521,4.566,4.414,4.550,12587.230
2003-04-10,4.566,4.591,4.381,4.521,16351.580
2003-04-11,4.747,4.793,4.583,4.591,29859.570
2003-04-14,5.056,5.143,4.809,4.826,60613.480
2003-04-15,5.563,5.563,5.196,5.353,107450.590
2003-04-16,5.488,5.756,5.476,5.600,90651.260
2003-04-17,5.464,5.600,5.369,5.517,36973.740
2003-04-18,5.517,5.641,5.414,5.476,28487.340
2003-04-21,5.418,5.517,5.365,5.517,20640.650
2003-04-22,5.394,5.464,5.361,5.361,7942.860
2003-04-23,5.402,5.476,5.373,5.394,12186.550
2003-04-24,5.101,5.447,5.023,5.447,25625.960
2003-04-25,4.978,5.188,4.941,5.089,16938.060
2003-04-28,5.204,5.229,4.854,4.949,22158.660
2003-04-29,5.180,5.336,5.031,5.204,20953.330
2003-04-30,5.258,5.340,5.180,5.180,14944.360
2003-05-12,5.509,5.538,5.229,5.241,21032.960
2003-05-13,5.369,5.657,5.353,5.542,26595.610
2003-05-14,5.583,5.674,5.340,5.365,30517.780
2003-05-16,5.583,5.727,5.558,5.719,25573.790
2003-05-19,5.534,5.661,5.517,5.641,10930.060
2003-05-20,5.427,5.517,5.377,5.517,8204.040
2003-05-21,5.439,5.517,5.427,5.435,5437.180
2003-05-22,5.447,5.472,5.332,5.414,9173.120
2003-05-23,5.546,5.682,5.435,5.439,24423.960
2003-05-26,5.546,5.620,5.517,5.558,8525.020
2003-05-27,5.517,5.587,5.476,5.546,7295.970
2003-05-28,5.468,5.583,5.455,5.542,8946.300
2003-05-29,5.501,5.505,5.414,5.468,8482.960
2003-05-30,5.563,5.633,5.435,5.497,12010.160
2003-06-02,5.620,5.633,5.542,5.563,9816.080
2003-06-03,5.567,5.641,5.558,5.620,6634.310
2003-06-04,5.554,5.579,5.455,5.558,6313.140
2003-06-05,5.472,5.633,5.468,5.633,5066.050
2003-06-06,5.373,5.497,5.369,5.418,8581.400
2003-06-09,5.254,5.373,5.250,5.348,7339.000
2003-06-10,5.291,5.373,5.250,5.250,3068.070
2003-06-11,5.381,5.406,5.291,5.291,3510.690
2003-06-12,5.320,5.394,5.311,5.394,3895.340
2003-06-13,5.373,5.377,5.311,5.311,2773.370
2003-06-16,5.299,5.373,5.287,5.373,3380.800
2003-06-17,5.307,5.348,5.274,5.295,1684.000
2003-06-18,5.307,5.353,5.274,5.332,2149.200
2003-06-19,5.311,5.353,5.262,5.291,3045.550
2003-06-20,5.295,5.348,5.295,5.348,1659.550
2003-06-23,5.213,5.303,5.196,5.291,3177.300
2003-06-24,5.229,5.270,5.188,5.213,1567.060
2003-06-25,5.196,5.270,5.188,5.229,2076.420
2003-06-26,5.175,5.213,5.085,5.151,3531.700
2003-06-27,5.089,5.200,5.085,5.200,3088.000
2003-07-01,5.229,5.332,5.105,5.105,11618.240
2003-07-02,5.270,5.270,5.167,5.225,4473.270
2003-07-03,5.266,5.299,5.250,5.270,5458.500
2003-07-04,5.192,5.291,5.188,5.283,9853.980
2003-07-07,5.155,5.200,5.057,5.200,3761.600
2003-07-08,5.140,5.185,5.072,5.140,4538.480
2003-07-09,5.042,5.148,5.012,5.148,4020.400
2003-07-10,5.095,5.178,4.944,5.012,8834.090
2003-07-11,5.238,5.276,5.050,5.148,20810.630
2003-07-14,5.057,5.231,5.035,5.231,16050.640
2003-07-15,5.117,5.215,5.035,5.057,16418.150
2003-07-16,5.117,5.140,5.057,5.110,3404.780
2003-07-17,5.170,5.193,5.065,5.117,10517.730
2003-07-18,5.072,5.268,5.035,5.148,18160.980
2003-07-21,5.050,5.072,4.959,5.050,8180.380
2003-07-22,5.050,5.125,4.982,5.110,4790.660
2003-07-23,5.065,5.110,5.012,5.095,3803.640
2003-07-24,4.952,5.087,4.899,5.065,14553.030
2003-07-25,4.771,5.004,4.756,5.004,9885.200
2003-07-28,4.658,4.771,4.658,4.771,4910.790
2003-07-29,4.658,4.718,4.597,4.658,6926.600
2003-07-30,4.643,4.688,4.605,4.658,3655.320
2003-07-31,4.650,4.680,4.605,4.680,3408.200
2003-08-01,4.597,4.673,4.552,4.650,4695.610
2003-08-04,4.695,4.710,4.560,4.597,5131.840
2003-08-05,4.884,4.937,4.658,4.710,21490.580
2003-08-06,4.808,4.891,4.763,4.884,7338.040
2003-08-07,4.808,4.869,4.793,4.808,3823.810
2003-08-08,4.695,4.816,4.673,4.801,7074.590
2003-08-11,4.688,4.695,4.643,4.673,3582.240
2003-08-12,4.741,4.748,4.695,4.710,2901.510
2003-08-13,4.643,4.741,4.613,4.726,7423.100
2003-08-14,4.597,4.695,4.582,4.643,6637.840
2003-08-15,4.605,4.650,4.590,4.613,3575.540
2003-08-18,4.597,4.673,4.545,4.597,2689.200
2003-08-19,4.613,4.658,4.552,4.635,3639.690
2003-08-20,4.613,4.643,4.575,4.605,2741.450
2003-08-21,4.575,4.613,4.560,4.597,5127.940
2003-08-22,4.424,4.597,4.409,4.575,10296.490
2003-08-25,4.258,4.371,4.243,4.371,11766.600
2003-08-26,4.266,4.326,4.243,4.243,5227.100
2003-08-27,4.258,4.334,4.258,4.273,2999.400
2003-08-28,4.236,4.311,4.228,4.266,3392.200
2003-08-29,4.213,4.251,4.145,4.243,6129.650
2003-09-01,4.341,4.356,4.190,4.228,5649.810
2003-09-02,4.296,4.371,4.258,4.371,5141.800
2003-09-03,4.334,4.356,4.213,4.356,6324.870
2003-09-04,4.303,4.371,4.281,4.334,5033.700
2003-09-05,4.221,4.319,4.183,4.319,4720.150
2003-09-08,4.281,4.334,4.070,4.221,19143.230
2003-09-09,4.100,4.258,4.070,4.258,15415.100
2003-09-10,4.123,4.175,4.100,4.100,3996.900
2003-09-11,4.138,4.168,4.070,4.123,2199.980
2003-09-12,4.055,4.130,4.032,4.130,6130.400
2003-09-15,3.987,4.100,3.979,4.055,4096.810
2003-09-16,3.949,3.994,3.904,3.972,8131.120
2003-09-17,3.829,3.994,3.821,3.957,8022.000
2003-09-18,3.881,3.919,3.806,3.829,10050.600
2003-09-19,3.897,3.912,3.866,3.897,3945.820
2003-09-22,3.889,3.919,3.881,3.881,2613.460
2003-09-23,3.949,3.957,3.889,3.919,3919.040
2003-09-24,3.957,3.972,3.919,3.934,2491.320
2003-09-25,3.904,4.032,3.904,3.949,3467.800
2003-09-26,3.904,3.912,3.881,3.912,1651.460
2003-09-29,3.881,3.904,3.866,3.904,3265.460
2003-09-30,3.912,3.934,3.859,3.881,3128.330
2003-10-08,3.904,3.934,3.889,3.912,1422.500
2003-10-09,3.897,3.972,3.889,3.904,1642.800
2003-10-10,3.987,4.010,3.889,3.889,5354.800
2003-10-13,3.987,4.040,3.949,3.987,4219.600
2003-10-14,3.919,3.979,3.904,3.964,2957.990
2003-10-15,3.919,3.972,3.904,3.919,2211.190
2003-10-16,3.897,3.957,3.866,3.919,2096.290
2003-10-17,3.874,3.912,3.866,3.889,1758.400
2003-10-20,3.836,3.874,3.829,3.844,1882.400
2003-10-21,3.859,3.859,3.806,3.806,2349.500
2003-10-22,3.949,3.972,3.844,3.851,7292.970
2003-10-23,3.949,3.994,3.919,3.964,4574.600
2003-10-24,4.025,4.032,3.927,3.942,8283.980
2003-10-27,3.979,4.032,3.957,4.032,5019.440
2003-10-28,3.964,3.987,3.919,3.979,6046.050
2003-10-29,3.912,3.987,3.881,3.927,8515.630
2003-10-30,3.866,3.919,3.859,3.904,4816.800
2003-10-31,3.897,3.957,3.851,3.881,3256.470
2003-11-03,4.115,4.145,3.919,3.942,29564.010
2003-11-04,4.153,4.228,4.070,4.092,30981.680
2003-11-05,4.477,4.484,4.100,4.100,53477.930
2003-11-06,4.545,4.635,4.386,4.469,73504.090
2003-11-07,4.364,4.545,4.334,4.545,39066.650
2003-11-10,4.454,4.462,4.273,4.296,14758.400
2003-11-11,4.484,4.499,4.386,4.454,15410.870
2003-11-12,4.341,4.484,4.334,4.484,11482.960
2003-11-13,4.349,4.371,4.228,4.319,12215.540
2003-11-14,4.567,4.628,4.266,4.349,34188.800
2003-11-17,4.605,4.710,4.522,4.567,35146.280
2003-11-18,4.371,4.658,4.296,4.658,30265.560
2003-11-19,4.394,4.439,4.273,4.319,15487.000
2003-11-20,4.492,4.537,4.296,4.371,33908.140
2003-11-21,4.560,4.680,4.424,4.492,40866.240
2003-11-24,4.839,4.884,4.530,4.545,61284.770
2003-11-25,4.756,4.891,4.673,4.846,56753.990
2003-11-26,4.756,4.891,4.695,4.710,24238.220
2003-11-27,4.620,4.808,4.613,4.741,20571.250
2003-11-28,4.763,4.914,4.613,4.613,37546.230
2003-12-01,4.839,4.861,4.763,4.786,24808.360
2003-12-02,4.801,4.891,4.786,4.861,20137.990
2003-12-03,4.929,5.087,4.756,4.801,56841.110
2003-12-04,4.929,4.959,4.846,4.906,23363.060
2003-12-05,4.869,4.952,4.793,4.922,19003.990
2003-12-08,4.824,4.967,4.801,4.899,15471.100
2003-12-09,4.839,4.846,4.748,4.824,13281.590
2003-12-10,4.869,4.869,4.793,4.839,15742.350
2003-12-11,4.801,4.899,4.778,4.861,16511.710
2003-12-12,4.808,4.824,4.756,4.786,8680.290
2003-12-15,4.793,4.846,4.763,4.808,6303.940
2003-12-17,4.824,4.982,4.808,4.808,32854.420
2003-12-18,4.793,4.861,4.733,4.824,13651.580
2003-12-19,4.914,4.982,4.763,4.793,39216.920
2003-12-22,5.087,5.148,4.884,4.914,52688.310
2003-12-23,5.215,5.336,5.110,5.163,57150.870
2003-12-24,5.253,5.268,5.155,5.223,17993.450
2003-12-25,5.170,5.336,5.155,5.261,30016.600
2003-12-26,5.117,5.200,5.050,5.170,16746.480
2003-12-29,5.035,5.133,5.012,5.117,9210.510
2003-12-30,5.185,5.223,5.012,5.012,14708.870
2003-12-31,5.042,5.238,5.035,5.215,9259.510
2004-01-02,5.057,5.163,5.012,5.012,10794.490
2004-01-05,5.125,5.155,5.012,5.065,22161.780
2004-01-06,5.080,5.231,5.050,5.125,19520.130
2004-01-07,5.238,5.238,5.027,5.125,33342.490
2004-01-08,5.313,5.389,5.238,5.276,36352.350
2004-01-09,5.102,5.351,5.087,5.313,28495.020
2004-01-12,5.110,5.110,4.937,5.065,24306.100
2004-01-13,5.057,5.110,4.974,5.102,21905.900
2004-01-14,4.884,5.050,4.884,5.050,20519.510
2004-01-15,4.906,4.974,4.861,4.884,14389.870
2004-01-16,4.959,4.959,4.861,4.906,9787.520
2004-01-29,5.072,5.080,4.952,4.959,12705.600
2004-01-30,4.959,5.102,4.952,5.102,13595.790
2004-02-02,5.080,5.351,4.959,4.974,19067.230
2004-02-03,5.148,5.148,5.012,5.087,19615.290
2004-02-04,5.276,5.313,5.148,5.163,37369.800
2004-02-05,5.502,5.577,5.246,5.291,68797.570
2004-02-06,5.396,5.502,5.366,5.502,30731.260
2004-02-09,5.434,5.487,5.396,5.396,22931.580
2004-02-10,5.336,5.464,5.313,5.426,25506.140
2004-02-11,5.411,5.479,5.321,5.366,22385.280
2004-02-12,5.276,5.426,5.261,5.411,25598.750
2004-02-13,5.328,5.351,5.200,5.276,22289.050
2004-02-16,5.577,5.577,5.404,5.411,57264.670
2004-02-17,5.577,5.645,5.502,5.622,30817.270
2004-02-18,5.577,5.600,5.502,5.577,25887.240
2004-02-19,5.796,6.135,5.577,5.577,94101.940
2004-02-20,5.818,5.879,5.720,5.796,28795.360
2004-02-23,5.751,5.954,5.743,5.833,35497.290
2004-02-24,5.615,5.743,5.487,5.743,34443.110
2004-02-25,5.426,5.728,5.411,5.615,22312.360
2004-02-26,5.464,5.487,5.313,5.351,19477.290
2004-02-27,5.509,5.540,5.419,5.502,12349.130
2004-03-01,5.600,5.645,5.457,5.562,14128.160
2004-03-02,5.675,5.713,5.540,5.600,18901.720
2004-03-03,5.457,5.773,5.442,5.728,22173.710
2004-03-04,5.547,5.577,5.426,5.457,14566.380
2004-03-05,5.509,5.622,5.502,5.547,10514.090
2004-03-08,5.321,5.509,5.276,5.502,17214.100
2004-03-09,5.268,5.374,5.246,5.283,13926.450
2004-03-10,5.366,5.374,5.246,5.268,10855.340
2004-03-11,5.396,5.426,5.344,5.396,13973.790
2004-03-12,5.366,5.419,5.276,5.396,14336.140
2004-03-15,5.494,5.502,5.321,5.366,18264.930
2004-03-16,5.570,5.645,5.502,5.502,18393.990
2004-03-17,5.494,5.615,5.464,5.615,16870.590
2004-03-18,5.359,5.540,5.344,5.487,11721.000
2004-03-19,5.442,5.449,5.336,5.336,9731.410
2004-03-22,5.411,5.449,5.389,5.434,11922.340
2004-03-23,5.359,5.426,5.306,5.426,14979.900
2004-03-24,5.396,5.411,5.344,5.374,8531.810
2004-03-25,5.336,5.404,5.328,5.381,11322.400
2004-03-26,5.404,5.419,5.336,5.336,7413.160
2004-03-29,5.494,5.524,5.396,5.404,19913.920
2004-03-30,5.442,5.509,5.404,5.494,9602.470
2004-03-31,5.524,5.547,5.434,5.449,16551.950
2004-04-01,5.637,5.645,5.509,5.540,28812.900
2004-04-02,5.622,5.683,5.585,5.653,26575.800
2004-04-05,5.577,5.653,5.532,5.637,18812.810
2004-04-06,5.713,5.713,5.524,5.577,26972.560
2004-04-07,5.781,5.871,5.675,5.713,41107.030
2004-04-08,5.698,5.864,5.690,5.781,29748.870
2004-04-09,5.374,5.653,5.313,5.653,38704.020
2004-04-12,5.351,5.419,5.261,5.328,21902.350
2004-04-13,5.359,5.434,5.351,5.426,12154.400
2004-04-14,5.246,5.396,5.200,5.344,20669.200
2004-04-15,5.170,5.313,5.170,5.231,12526.600
2004-04-16,5.163,5.261,4.989,5.185,11818.680
2004-04-19,5.155,5.261,5.125,5.178,6824.200
2004-04-20,5.110,5.208,5.080,5.155,7041.900
2004-04-21,5.125,5.170,5.050,5.110,7015.500
2004-04-22,5.095,5.125,5.012,5.117,6716.400
2004-04-23,4.906,5.163,4.899,5.163,10992.750
2004-04-26,4.643,4.906,4.560,4.899,15549.500
2004-04-27,4.673,4.718,4.620,4.635,9799.290
2004-04-28,4.748,4.793,4.620,4.673,6070.000
2004-04-29,4.613,4.733,4.605,4.733,8303.500
2004-04-30,4.673,4.710,4.613,4.613,6029.950
2004-05-10,4.695,4.808,4.680,4.763,7081.700
2004-05-11,4.756,4.763,4.650,4.673,4345.550
2004-05-12,5.231,5.231,4.756,4.786,43536.320
2004-05-13,5.381,5.389,5.140,5.276,55373.380
2004-05-14,5.087,5.351,5.087,5.351,27715.170
2004-05-17,5.087,5.117,4.974,5.035,12060.900
2004-05-18,5.140,5.148,5.004,5.050,8783.220
2004-05-19,5.117,5.313,5.080,5.140,20270.870
2004-05-20,5.035,5.178,5.012,5.087,8982.570
2004-05-21,5.019,5.065,4.899,4.997,7446.790
2004-05-24,5.004,5.065,4.959,5.019,3398.700
2004-05-25,4.771,4.974,4.756,4.974,10356.890
2004-05-26,4.824,4.854,4.756,4.771,4257.750
2004-05-27,4.974,4.989,4.763,4.846,9251.000
2004-05-31,4.922,4.937,4.808,4.899,5345.830
2004-06-01,4.982,4.989,4.861,4.937,8068.730
2004-06-02,4.906,5.004,4.869,4.982,7329.230
2004-06-03,4.793,4.899,4.778,4.899,7686.410
2004-06-04,4.801,4.854,4.756,4.756,4062.500
2004-06-07,4.756,4.884,4.726,4.884,4581.790
2004-06-08,4.771,4.816,4.733,4.756,4237.620
2004-06-09,4.620,4.808,4.582,4.748,5032.890
2004-06-10,4.575,4.673,4.560,4.658,4432.650
2004-06-11,4.590,4.710,4.582,4.643,4045.000
2004-06-14,4.462,4.620,4.447,4.597,6045.990
2004-06-15,4.545,4.560,4.439,4.447,5263.720
2004-06-16,4.605,4.643,4.492,4.560,4775.720
2004-06-17,4.545,4.839,4.530,4.673,10666.130
2004-06-18,4.537,4.590,4.484,4.522,5022.000
2004-06-21,4.575,4.582,4.507,4.537,2600.370
2004-06-22,4.613,4.673,4.552,4.582,3757.700
2004-06-23,4.567,4.597,4.515,4.597,3257.530
2004-06-24,4.499,4.567,4.499,4.560,3905.800
2004-06-25,4.266,4.499,4.258,4.484,6433.080
2004-06-28,4.092,4.303,4.077,4.236,4947.610
2004-06-29,4.175,4.183,4.017,4.070,3644.680
2004-06-30,4.040,4.175,4.032,4.175,2753.200
2004-07-01,4.183,4.221,4.025,4.025,4894.830
2004-07-02,4.213,4.266,4.145,4.190,3854.020
2004-07-05,4.266,4.266,4.160,4.213,2437.840
2004-07-06,4.311,4.356,4.266,4.266,4684.280
2004-07-07,4.190,4.296,4.183,4.296,4007.300
2004-07-08,4.236,4.258,4.183,4.190,2402.460
2004-07-09,4.243,4.297,4.228,4.259,2213.680
2004-07-12,4.151,4.243,4.098,4.243,4429.400
2004-07-13,4.151,4.167,4.121,4.151,1484.210
2004-07-14,4.136,4.220,4.067,4.151,3449.100
2004-07-15,4.213,4.213,4.067,4.159,4134.990
2004-07-16,4.366,4.420,4.274,4.282,15323.200
2004-07-19,4.366,4.420,4.335,4.366,4915.500
2004-07-20,4.366,4.381,4.312,4.374,3438.020
2004-07-21,4.420,4.604,4.358,4.389,9837.460
2004-07-22,4.297,4.466,4.297,4.420,6521.000
2004-07-23,4.328,4.335,4.220,4.289,2660.200
2004-07-26,4.236,4.297,4.190,4.297,3922.870
2004-07-27,4.220,4.312,4.182,4.236,2117.940
2004-07-28,4.297,4.320,4.220,4.259,1836.500
2004-07-29,4.366,4.366,4.282,4.305,3172.280
2004-07-30,4.266,4.374,4.259,4.374,2821.130
2004-08-02,4.205,4.228,4.182,4.228,1983.000
2004-08-03,4.190,4.335,4.182,4.197,1567.600
2004-08-04,4.297,4.335,4.190,4.312,3925.300
2004-08-05,4.282,4.381,4.274,4.374,2671.000
2004-08-06,4.228,4.297,4.205,4.282,1890.450
2004-08-09,4.220,4.220,4.182,4.220,2568.150
2004-08-10,4.259,4.266,4.197,4.251,1416.920
2004-08-11,4.159,4.297,4.128,4.297,2946.000
2004-08-12,4.090,4.182,4.059,4.128,4414.820
2004-08-13,4.098,4.167,4.059,4.090,2236.000
2004-08-16,3.998,4.098,3.967,4.098,3360.080
2004-08-17,4.013,4.044,3.959,3.990,2963.720
2004-08-18,3.913,4.036,3.906,3.975,3186.000
2004-08-19,3.530,3.913,3.522,3.913,14959.930
2004-08-20,3.568,3.637,3.300,3.300,4342.340
2004-08-23,3.499,3.568,3.468,3.568,2579.680
2004-08-24,3.729,3.844,3.499,3.499,11464.410
2004-08-25,3.668,3.722,3.606,3.683,6485.500
2004-08-26,3.637,3.668,3.614,3.668,1745.800
2004-08-27,3.576,3.660,3.530,3.660,3134.900
2004-08-30,3.599,3.599,3.530,3.568,1212.960
2004-08-31,3.691,3.760,3.660,3.660,4970.970
2004-09-01,3.606,3.653,3.583,3.653,2425.000
2004-09-02,3.660,3.668,3.537,3.537,1714.800
2004-09-03,3.637,3.668,3.606,3.645,1345.300
2004-09-06,3.576,3.606,3.545,3.606,1627.400
2004-09-07,3.591,3.668,3.545,3.668,1092.010
2004-09-08,3.591,3.606,3.545,3.591,1750.400
2004-09-09,3.568,3.606,3.537,3.568,2905.800
2004-09-10,3.522,3.553,3.484,3.553,2084.560
2004-09-13,3.369,3.522,3.338,3.522,2794.010
2004-09-14,3.484,3.522,3.346,3.346,3173.850
2004-09-15,3.714,3.775,3.445,3.507,11812.480
2004-09-16,3.775,3.860,3.668,3.714,11305.900
2004-09-17,3.898,3.906,3.737,3.760,15022.940
2004-09-20,4.044,4.067,3.844,3.959,20159.520
2004-09-21,4.013,4.113,3.929,4.029,15449.330
2004-09-22,4.052,4.374,4.013,4.013,24777.380
2004-09-23,4.098,4.105,3.929,4.052,10888.660
2004-09-24,3.929,4.190,3.921,4.128,17039.180
2004-09-27,3.852,4.052,3.837,3.952,7333.330
2004-09-28,3.867,3.883,3.821,3.867,4347.800
2004-09-29,3.806,3.875,3.791,3.852,3577.280
2004-09-30,3.729,3.883,3.714,3.837,3949.400
2004-10-08,3.852,3.852,3.668,3.760,3525.990
2004-10-11,3.821,3.906,3.798,3.852,7152.370
2004-10-12,3.691,3.806,3.683,3.806,6473.100
2004-10-13,3.637,3.722,3.606,3.691,5659.620
2004-10-14,3.484,3.645,3.468,3.637,7754.230
2004-10-15,3.445,3.491,3.415,3.453,3674.650
2004-10-18,3.499,3.522,3.415,3.453,2410.720
2004-10-19,3.560,3.599,3.491,3.491,4273.550
2004-10-20,3.614,3.637,3.514,3.576,6240.180
2004-10-21,3.522,3.637,3.491,3.630,5578.830
2004-10-22,3.660,3.660,3.468,3.522,10268.370
2004-10-25,3.630,3.783,3.606,3.706,11772.500
2004-10-26,3.760,3.783,3.614,3.614,7368.810
2004-10-27,3.844,3.867,3.745,3.745,12238.340
2004-10-28,3.791,3.875,3.760,3.852,9095.160
2004-10-29,3.683,3.752,3.576,3.660,7303.900
2004-11-01,3.660,3.714,3.630,3.645,2608.580
2004-11-02,3.622,3.691,3.576,3.645,2812.100
2004-11-03,3.737,3.760,3.622,3.622,4022.660
2004-11-04,3.645,3.760,3.630,3.737,3786.900
2004-11-05,3.606,3.691,3.591,3.637,2519.800
2004-11-08,3.606,3.660,3.568,3.637,1917.080
2004-11-09,3.653,3.691,3.606,3.614,2124.100
2004-11-10,3.806,3.829,3.645,3.683,8697.120
2004-11-11,3.752,3.890,3.737,3.875,11181.540
2004-11-12,3.798,3.837,3.745,3.760,5905.650
2004-11-15,3.860,3.860,3.798,3.821,5719.900
2004-11-16,3.821,3.875,3.783,3.860,2929.600
2004-11-17,3.768,3.852,3.752,3.852,2352.000
2004-11-18,3.806,3.806,3.752,3.760,2661.010
2004-11-22,3.860,3.875,3.821,3.860,8977.840
2004-11-23,3.844,3.875,3.821,3.867,4990.770
2004-11-24,3.791,3.867,3.775,3.852,5022.690
2004-11-25,3.752,3.783,3.722,3.783,4488.590
2004-11-26,3.760,3.783,3.729,3.760,4038.800
2004-11-29,3.691,3.760,3.691,3.760,1906.000
2004-11-30,3.691,3.722,3.637,3.683,3193.640
2004-12-01,3.668,3.706,3.660,3.706,1911.620
2004-12-02,3.714,3.722,3.591,3.660,2922.360
2004-12-03,3.706,3.745,3.653,3.683,3163.000
2004-12-06,3.783,3.829,3.691,3.814,4838.300
2004-12-07,3.683,3.806,3.653,3.806,3202.540
2004-12-08,3.729,3.745,3.691,3.722,3146.630
2004-12-09,3.783,3.798,3.691,3.760,6737.580
2004-12-10,3.752,3.875,3.752,3.806,20323.760
2004-12-13,3.729,3.783,3.683,3.737,5046.900
2004-12-14,3.630,3.737,3.576,3.699,6216.650
2004-12-15,3.614,3.630,3.514,3.630,4485.800
2004-12-16,3.622,3.676,3.606,3.637,3748.650
2004-12-17,3.576,3.637,3.576,3.606,2131.000
2004-12-20,3.530,3.568,3.507,3.545,2489.360
2004-12-21,3.522,3.545,3.491,3.491,1451.200
2004-12-22,3.614,3.614,3.507,3.514,3575.660
2004-12-23,3.522,3.637,3.514,3.630,1758.000
2004-12-24,3.522,3.576,3.522,3.530,1179.670
2004-12-27,3.514,3.560,3.491,3.545,1619.200
2004-12-28,3.461,3.553,3.461,3.553,1906.100
2004-12-29,3.422,3.476,3.415,3.445,2405.700
2004-12-30,3.407,3.453,3.376,3.430,1733.470
2004-12-31,3.392,3.453,3.361,3.438,2084.030
2005-01-04,3.376,3.399,3.346,3.376,1641.400
2005-01-05,3.445,3.461,3.376,3.407,1572.500
2005-01-06,3.376,3.453,3.353,3.438,1890.700
2005-01-07,3.353,3.384,3.300,3.376,2330.000
2005-01-10,3.384,3.392,3.300,3.353,1394.000
2005-01-11,3.376,3.392,3.330,3.361,1327.820
2005-01-12,3.384,3.415,3.338,3.415,1774.060
2005-01-13,3.361,3.399,3.353,3.376,1905.810
2005-01-14,3.300,3.415,3.292,3.353,2667.730
2005-01-17,3.077,3.277,3.069,3.277,6771.000
2005-01-18,3.069,3.138,2.993,3.069,5893.520
2005-01-19,3.100,3.108,3.023,3.054,16061.520
2005-01-20,3.016,3.085,3.008,3.069,4227.760
2005-01-21,3.108,3.123,2.993,3.008,6453.420
2005-01-24,3.169,3.223,3.146,3.146,7886.000
2005-01-25,3.115,3.154,3.100,3.154,3371.600
2005-01-26,3.054,3.115,3.046,3.115,3010.660
2005-01-27,3.069,3.092,3.008,3.016,2649.180
2005-01-28,3.023,3.077,3.016,3.054,2131.000
2005-01-31,2.847,3.000,2.778,2.993,4109.100
2005-02-01,2.985,3.108,2.824,2.847,11742.040
2005-02-02,3.161,3.169,2.939,2.977,9972.150
2005-02-03,3.069,3.277,3.000,3.169,12664.770
2005-02-04,3.039,3.069,2.962,3.069,7106.710
2005-02-16,3.085,3.131,3.039,3.039,3678.000
2005-02-17,3.115,3.131,3.077,3.100,3751.530
2005-02-18,3.069,3.123,3.069,3.115,2413.000
2005-02-21,3.108,3.115,3.062,3.062,4415.570
2005-02-22,3.207,3.215,3.123,3.146,9765.890
2005-02-23,3.215,3.238,3.169,3.200,10309.000
2005-02-24,3.215,3.223,3.161,3.215,6071.730
2005-02-25,3.223,3.284,3.215,3.223,10386.330
2005-02-28,3.184,3.223,3.161,3.207,5479.090
2005-03-01,3.215,3.223,3.169,3.192,4485.550
2005-03-02,3.223,3.284,3.207,3.207,12047.150
2005-03-03,3.230,3.261,3.154,3.223,4668.840
2005-03-04,3.284,3.315,3.223,3.238,16259.110
2005-03-07,3.215,3.323,3.207,3.284,7537.400
2005-03-08,3.277,3.292,3.207,3.238,8357.180
2005-03-09,3.292,3.315,3.261,3.300,7204.120
2005-03-10,3.192,3.300,3.177,3.269,5720.200
2005-03-11,3.169,3.200,3.154,3.177,4063.310
2005-03-14,3.115,3.184,3.085,3.154,4696.670
2005-03-15,3.062,3.131,3.039,3.115,5208.030
2005-03-16,3.046,3.062,3.031,3.039,2440.400
2005-03-17,3.000,3.054,3.000,3.046,2234.000
2005-03-18,2.908,3.031,2.885,3.000,6043.800
2005-03-21,2.893,2.908,2.870,2.908,2557.660
2005-03-22,2.778,2.908,2.709,2.878,4935.580
2005-03-23,2.755,2.839,2.716,2.762,3586.980
2005-03-24,2.793,2.808,2.716,2.716,1893.300
2005-03-25,2.831,2.855,2.793,2.808,2972.160
2005-03-28,2.770,2.831,2.724,2.793,3031.500
2005-03-29,2.739,2.801,2.732,2.747,2301.950
2005-03-30,2.578,2.739,2.578,2.739,3530.000
2005-03-31,2.601,2.624,2.525,2.586,3727.680
2005-04-01,2.732,2.762,2.532,2.609,6571.000
2005-04-04,2.739,2.801,2.655,2.686,7948.340
2005-04-05,2.655,2.747,2.640,2.739,2961.180
2005-04-06,2.778,2.824,2.655,2.678,12049.980
2005-04-07,2.785,2.870,2.778,2.801,11123.230
2005-04-08,2.824,2.847,2.732,2.778,7612.340
2005-04-11,2.793,2.847,2.770,2.847,5988.000
2005-04-12,2.739,2.762,2.724,2.762,3223.230
2005-04-13,2.831,2.839,2.724,2.732,9870.110
2005-04-14,2.785,2.870,2.762,2.855,5076.000
2005-04-15,2.693,2.785,2.686,2.785,5576.100
2005-04-18,2.586,2.686,2.563,2.686,5818.600
2005-04-19,2.632,2.647,2.586,2.594,3683.160
2005-04-20,2.471,2.594,2.371,2.594,15793.050
2005-04-21,2.386,2.448,2.379,2.425,5762.490
2005-04-22,2.394,2.432,2.363,2.394,5713.400
2005-04-25,2.287,2.425,2.225,2.402,7207.700
2005-04-26,2.356,2.371,2.256,2.279,7748.960
2005-04-27,2.325,2.402,2.302,2.379,5245.810
2005-04-28,2.394,2.409,2.271,2.317,5399.210
2005-04-29,2.471,2.509,2.394,2.394,11861.220
2005-05-09,2.325,2.517,2.317,2.479,6585.000
2005-05-10,2.386,2.386,2.302,2.317,6825.420
2005-05-11,2.363,2.432,2.348,2.394,4190.870
2005-05-12,2.363,2.379,2.325,2.379,3138.000
2005-05-13,2.379,2.409,2.325,2.340,4746.750
2005-05-16,2.317,2.386,2.302,2.386,4065.000
2005-05-17,2.386,2.402,2.279,2.302,5668.390
2005-05-18,2.379,2.409,2.325,2.379,3035.190
2005-05-19,2.379,2.394,2.333,2.363,2920.410
2005-05-20,2.402,2.455,2.379,2.379,10030.800
2005-05-23,2.494,2.509,2.402,2.440,27616.730
2005-05-24,2.494,2.517,2.425,2.479,15682.350
2005-05-25,2.502,2.609,2.471,2.571,13703.100
2005-05-26,2.409,2.471,2.386,2.471,14352.730
2005-05-27,2.302,2.379,2.256,2.379,30563.380
2005-05-30,2.340,2.371,2.256,2.264,17227.640
2005-05-31,2.325,2.371,2.310,2.333,14210.000
2005-06-01,2.271,2.348,2.271,2.317,10980.000
2005-06-03,2.172,2.333,2.110,2.294,17930.720
2005-06-06,2.187,2.187,2.095,2.164,9313.690
2005-06-07,2.164,2.218,2.118,2.187,15782.200
2005-06-08,2.340,2.356,2.218,2.241,27665.980
2005-06-09,2.409,2.432,2.302,2.340,33198.190
2005-06-10,2.333,2.440,2.317,2.409,20188.570
2005-06-13,2.325,2.340,2.264,2.325,10416.660
2005-06-14,2.294,2.348,2.279,2.333,9337.000
2005-06-15,2.179,2.279,2.179,2.279,10524.000
2005-06-16,2.202,2.202,2.156,2.172,4846.980
2005-06-17,2.172,2.218,2.172,2.210,4816.990
2005-06-20,2.264,2.271,2.156,2.172,17866.910
2005-06-21,2.218,2.279,2.210,2.264,8732.600
2005-06-22,2.225,2.241,2.187,2.187,3027.010
2005-06-23,2.210,2.233,2.187,2.210,4091.270
2005-06-24,2.225,2.225,2.179,2.210,3017.930
2005-06-27,2.279,2.302,2.233,2.233,13504.980
2005-06-28,2.210,2.271,2.202,2.271,4669.600
2005-06-29,2.202,2.225,2.195,2.202,3798.000
2005-06-30,2.149,2.195,2.141,2.195,5824.840
2005-07-01,1.995,2.156,1.972,2.149,11792.520
2005-07-04,1.918,1.987,1.865,1.987,8782.040
2005-07-05,1.926,1.949,1.895,1.911,4852.900
2005-07-06,1.903,1.964,1.895,1.964,3508.400
2005-07-07,1.934,1.941,1.903,1.903,3880.370
2005-07-08,1.834,1.926,1.826,1.926,6266.890
2005-07-11,1.796,1.903,1.796,1.834,4256.000
2005-07-12,1.842,1.857,1.742,1.788,9129.470
2005-07-13,1.773,1.842,1.765,1.842,5944.740
2005-07-14,1.788,1.803,1.750,1.765,5313.970
2005-07-18,1.611,1.757,1.611,1.750,11580.560
2005-07-19,1.642,1.642,1.558,1.596,6619.750
2005-07-20,1.634,1.657,1.604,1.634,4664.250
2005-07-21,1.657,1.665,1.627,1.642,8380.200
2005-07-22,1.680,1.711,1.611,1.657,18883.340
2005-07-25,1.696,1.711,1.650,1.680,7815.380
2005-07-26,1.734,1.757,1.680,1.680,11702.700
2005-07-27,1.780,1.780,1.734,1.750,12284.100
2005-07-28,1.796,1.842,1.788,1.788,21153.100
2005-07-29,1.780,1.811,1.765,1.780,11022.060
2005-08-01,1.803,1.811,1.765,1.765,8025.690
2005-08-02,1.888,1.911,1.711,1.803,49487.040
2005-08-03,1.903,1.941,1.865,1.888,36999.670
2005-08-04,1.888,1.903,1.857,1.895,14510.200
2005-08-05,1.941,1.949,1.872,1.880,18391.450
2005-08-08,1.980,1.987,1.941,1.957,28721.990
2005-08-09,1.987,1.987,1.842,1.842,35645.800
2005-08-10,2.020,2.028,1.940,1.988,27556.080
2005-08-11,2.115,2.131,1.996,2.020,54965.660
2005-08-12,2.187,2.219,2.091,2.115,66719.190
2005-08-15,2.187,2.203,2.107,2.187,31493.510
2005-08-16,2.147,2.243,2.123,2.195,25159.820
2005-08-17,2.187,2.195,2.075,2.147,27412.030
2005-08-18,2.075,2.227,2.075,2.203,37534.450
2005-08-19,2.036,2.115,1.988,2.051,17113.110
2005-08-22,2.067,2.067,1.996,1.996,11027.230
2005-08-23,2.028,2.075,2.004,2.075,8987.000
2005-08-24,2.051,2.059,2.012,2.036,11663.090
2005-08-25,2.067,2.067,2.020,2.051,10426.620
2005-08-26,2.123,2.131,2.051,2.075,20014.680
2005-08-29,2.163,2.171,2.099,2.131,23566.400
2005-08-30,2.123,2.155,2.115,2.155,9611.240
2005-08-31,2.179,2.187,2.099,2.123,19335.060
2005-09-01,2.219,2.227,2.131,2.179,31878.550
2005-09-02,2.211,2.243,2.195,2.211,18379.970
2005-09-05,2.235,2.243,2.187,2.203,22518.730
2005-09-06,2.147,2.267,2.139,2.227,26032.600
2005-09-07,2.283,2.283,2.131,2.147,38143.500
2005-09-08,2.299,2.323,2.243,2.259,40436.290
2005-09-09,2.235,2.315,2.219,2.299,17923.580
2005-09-12,2.243,2.243,2.203,2.235,12100.930
2005-09-13,2.299,2.307,2.235,2.243,17675.470
2005-09-14,2.339,2.347,2.291,2.299,32030.260
2005-09-15,2.411,2.419,2.339,2.347,50999.550
2005-09-16,2.419,2.459,2.387,2.411,37754.930
2005-09-19,2.490,2.506,2.403,2.403,29703.790
2005-09-20,2.483,2.506,2.419,2.506,27365.170
2005-09-21,2.395,2.475,2.379,2.475,25347.750
2005-09-22,2.267,2.395,2.219,2.395,25702.910
2005-09-23,2.243,2.299,2.243,2.267,14135.050
2005-09-26,2.259,2.267,2.227,2.243,7240.390
2005-09-28,2.155,2.203,2.099,2.163,15936.100
2005-09-29,2.195,2.195,2.147,2.155,10769.700
2005-09-30,2.155,2.203,2.139,2.195,7946.000
2005-10-10,2.115,2.179,2.107,2.179,5730.000
2005-10-11,2.187,2.187,2.115,2.131,5935.400
2005-10-12,2.235,2.243,2.163,2.187,10201.720
2005-10-13,2.187,2.243,2.187,2.243,5803.140
2005-10-14,2.147,2.195,2.131,2.195,7363.610
2005-10-17,2.139,2.155,2.099,2.123,6325.920
2005-10-18,2.355,2.355,2.131,2.139,46172.470
2005-10-19,2.443,2.594,2.419,2.435,177053.480
2005-10-20,2.291,2.371,2.235,2.371,72863.160
2005-10-21,2.307,2.371,2.275,2.291,29336.630
2005-10-24,2.307,2.331,2.251,2.275,20388.570
2005-10-25,2.219,2.315,2.211,2.299,19067.600
2005-10-26,2.403,2.443,2.243,2.243,88303.780
2005-10-27,2.451,2.459,2.331,2.379,64798.420
2005-10-28,2.395,2.490,2.275,2.475,39333.210
2005-10-31,2.467,2.475,2.355,2.387,44096.310
2005-11-01,2.554,2.578,2.427,2.467,65849.420
2005-11-02,2.530,2.594,2.514,2.554,63288.990
2005-11-03,2.427,2.530,2.419,2.530,43004.250
2005-11-04,2.546,2.554,2.419,2.435,44624.510
2005-11-07,2.586,2.594,2.490,2.530,41538.100
2005-11-08,2.538,2.594,2.522,2.586,29901.650
2005-11-09,2.443,2.538,2.443,2.538,30272.200
2005-11-10,2.419,2.490,2.363,2.435,34490.420
2005-11-11,2.419,2.467,2.371,2.411,16877.010
2005-11-14,2.323,2.427,2.275,2.395,29036.130
2005-11-15,2.347,2.355,2.291,2.331,16084.070
2005-11-16,2.363,2.371,2.291,2.339,14067.030
2005-11-17,2.331,2.371,2.315,2.363,12103.480
2005-11-18,2.395,2.419,2.315,2.331,25011.770
2005-11-21,2.459,2.467,2.379,2.403,20549.090
2005-11-22,2.379,2.459,2.379,2.459,15994.010
2005-11-23,2.435,2.435,2.355,2.355,11620.000
2005-11-24,2.395,2.459,2.395,2.435,10670.010
2005-11-25,2.379,2.403,2.363,2.387,8220.010
2005-11-28,2.379,2.403,2.363,2.371,5483.680
2005-11-29,2.291,2.379,2.283,2.371,16570.480
2005-11-30,2.323,2.339,2.235,2.299,9529.100
2005-12-01,2.267,2.323,2.259,2.323,9428.990
2005-12-02,2.227,2.291,2.227,2.267,11391.450
2005-12-05,2.147,2.219,2.147,2.219,9030.000
2005-12-06,2.155,2.187,2.107,2.115,7384.560
2005-12-07,2.195,2.195,2.147,2.155,4883.230
2005-12-08,2.171,2.211,2.163,2.195,5074.340
2005-12-09,2.211,2.219,2.147,2.155,5597.490
2005-12-12,2.235,2.267,2.211,2.211,8759.040
2005-12-13,2.235,2.251,2.187,2.235,8216.660
2005-12-14,2.251,2.251,2.195,2.219,7183.380
2005-12-15,2.235,2.275,2.227,2.251,8754.260
2005-12-16,2.227,2.251,2.203,2.211,5230.770
2005-12-19,2.235,2.251,2.227,2.235,7972.190
2005-12-20,2.211,2.235,2.203,2.227,7312.030
2005-12-21,2.187,2.227,2.187,2.211,6397.870
2005-12-22,2.203,2.203,2.155,2.163,8894.270
2005-12-23,2.227,2.227,2.187,2.211,8013.570
2005-12-26,2.251,2.259,2.227,2.227,11200.080
2005-12-27,2.219,2.259,2.211,2.251,6739.200
2005-12-28,2.243,2.243,2.219,2.227,6858.000
2005-12-29,2.267,2.267,2.219,2.243,12472.070
2005-12-30,2.227,2.275,2.219,2.267,8443.100
2006-01-04,2.243,2.259,2.219,2.219,10097.370
2006-01-05,2.355,2.355,2.251,2.251,34298.690
2006-01-06,2.339,2.371,2.315,2.355,21561.150
2006-01-09,2.387,2.427,2.323,2.331,21244.260
2006-01-10,2.395,2.419,2.355,2.387,15062.130
2006-01-11,2.315,2.403,2.315,2.387,21432.100
2006-01-12,2.363,2.371,2.299,2.315,17024.380
2006-01-13,2.387,2.403,2.355,2.379,21618.930
2006-01-16,2.323,2.387,2.315,2.387,15969.210
2006-01-17,2.315,2.339,2.291,2.323,12731.790
2006-01-18,2.347,2.363,2.291,2.299,13159.160
2006-01-19,2.387,2.395,2.331,2.347,23410.190
2006-01-20,2.419,2.475,2.371,2.379,42849.070
2006-01-23,2.459,2.467,2.395,2.419,25518.470
2006-01-24,2.419,2.451,2.403,2.451,20492.440
2006-01-25,2.363,2.443,2.347,2.403,19503.370
2006-02-06,2.427,2.427,2.331,2.355,15676.580
2006-02-07,2.514,2.522,2.419,2.435,42905.220
2006-02-08,2.522,2.522,2.467,2.514,23822.760
2006-02-09,2.490,2.562,2.475,2.522,32737.100
2006-02-10,2.554,2.570,2.459,2.490,42027.940
2006-02-13,2.666,2.690,2.562,2.586,75134.750
2006-02-14,2.626,2.666,2.602,2.658,28952.470
2006-02-15,2.554,2.634,2.522,2.594,45800.040
2006-02-16,2.483,2.594,2.459,2.546,28837.750
2006-02-17,2.451,2.506,2.435,2.467,16112.770
2006-02-20,2.443,2.475,2.427,2.427,14151.700
2006-02-21,2.475,2.483,2.395,2.419,17240.380
2006-02-22,2.443,2.490,2.427,2.459,17567.200
2006-02-23,2.451,2.459,2.379,2.427,20558.800
2006-02-24,2.451,2.459,2.411,2.451,9247.940
2006-02-27,2.443,2.490,2.435,2.451,14749.760
2006-02-28,2.419,2.443,2.379,2.443,14336.180
2006-03-01,2.451,2.451,2.395,2.419,16724.190
2006-03-02,2.379,2.459,2.363,2.451,17168.000
2006-03-03,2.427,2.459,2.299,2.379,29320.920
2006-03-06,2.363,2.419,2.347,2.411,12689.900
2006-03-07,2.299,2.355,2.243,2.331,27006.160
2006-03-08,2.251,2.291,2.235,2.291,9984.400
2006-03-09,2.259,2.275,2.235,2.251,6972.500
2006-03-10,2.227,2.275,2.227,2.267,7232.000
2006-03-13,2.235,2.235,2.203,2.219,11282.490
2006-03-14,2.251,2.259,2.227,2.243,8203.200
2006-03-15,2.267,2.283,2.251,2.251,7031.540
2006-03-16,2.243,2.267,2.227,2.267,8571.000
2006-03-17,2.171,2.235,2.155,2.235,21438.840
2006-03-20,2.235,2.235,2.155,2.163,13194.250
2006-03-21,2.251,2.259,2.219,2.235,10307.060
2006-03-22,2.251,2.251,2.219,2.251,9738.800
2006-03-23,2.283,2.291,2.243,2.251,13933.890
2006-03-24,2.251,2.299,2.243,2.299,11067.770
2006-03-27,2.267,2.267,2.203,2.243,9355.710
2006-03-28,2.267,2.307,2.243,2.267,15671.610
2006-03-29,2.275,2.299,2.251,2.267,15590.630
2006-03-30,2.219,2.275,2.211,2.275,12528.000
2006-03-31,2.227,2.235,2.187,2.219,9706.900
2006-04-03,2.211,2.235,2.179,2.227,18009.540
2006-04-04,2.323,2.347,2.179,2.227,56342.830
2006-04-06,2.259,2.315,2.155,2.315,34388.620
2006-04-07,2.291,2.299,2.219,2.259,27191.640
2006-04-10,2.387,2.387,2.291,2.291,41449.190
2006-04-11,2.395,2.427,2.339,2.395,35933.680
2006-04-12,2.387,2.395,2.355,2.387,21094.550
2006-04-13,2.355,2.459,2.347,2.363,38019.600
2006-04-14,2.387,2.395,2.331,2.331,17950.780
2006-04-17,2.403,2.427,2.347,2.379,33639.050
2006-04-18,2.347,2.395,2.339,2.363,26489.840
2006-04-19,2.283,2.363,2.251,2.347,27503.030
2006-04-20,2.051,2.147,2.051,2.051,26919.000
2006-04-21,1.860,1.948,1.844,1.876,83171.290
2006-04-24,1.844,1.900,1.796,1.804,33843.870
2006-04-25,1.828,1.844,1.788,1.844,25786.470
2006-04-26,1.820,1.828,1.724,1.828,46029.510
2006-04-27,1.868,1.908,1.772,1.812,48361.980
2006-04-28,1.820,1.876,1.684,1.684,35793.520
2006-05-08,1.940,1.956,1.788,1.804,57677.250
2006-05-09,2.083,2.131,1.908,1.932,87745.840
2006-05-10,2.043,2.083,2.004,2.083,52226.070
2006-05-11,2.012,2.099,2.012,2.036,50905.230
2006-05-12,2.075,2.083,1.980,2.012,38896.170
2006-05-15,2.195,2.211,2.075,2.075,72287.910
2006-05-16,2.115,2.275,2.115,2.195,63569.170
2006-05-17,2.267,2.275,2.139,2.139,64226.910
2006-05-18,2.395,2.435,2.283,2.299,113897.210
2006-05-19,2.435,2.475,2.395,2.411,76559.520
2006-05-22,2.562,2.594,2.435,2.459,71030.450
2006-05-23,2.419,2.562,2.403,2.554,63546.420
2006-05-24,2.323,2.475,2.235,2.403,45855.250
2006-05-25,2.387,2.403,2.283,2.315,24383.040
2006-05-26,2.459,2.467,2.387,2.395,34338.290
2006-05-29,2.506,2.506,2.451,2.459,42835.230
2006-05-30,2.506,2.522,2.459,2.514,34675.660
2006-05-31,2.586,2.634,2.475,2.490,62728.710
2006-06-01,2.810,2.842,2.538,2.586,104876.250
2006-06-02,2.802,2.850,2.706,2.818,84751.080
2006-06-05,2.945,2.977,2.770,2.794,60522.440
2006-06-06,2.961,3.153,2.945,2.953,67296.710
2006-06-07,2.730,3.105,2.714,2.953,88931.850
2006-06-08,2.818,2.818,2.586,2.698,59499.340
2006-06-09,2.626,2.842,2.618,2.826,45415.540
2006-06-12,2.490,2.618,2.475,2.610,36233.780
2006-06-13,2.546,2.594,2.475,2.490,26196.430
2006-06-14,2.562,2.594,2.490,2.538,18788.810
2006-06-15,2.578,2.610,2.554,2.554,15505.960
2006-06-16,2.610,2.626,2.538,2.578,27994.300
2006-06-19,2.586,2.618,2.554,2.602,19510.280
2006-06-20,2.578,2.594,2.530,2.586,22246.690
2006-06-21,2.602,2.658,2.578,2.618,33759.860
2006-06-22,2.682,2.690,2.586,2.642,33039.410
2006-06-23,2.666,2.706,2.626,2.682,22899.030
2006-06-26,2.786,2.794,2.658,2.658,32765.720
2006-06-27,2.882,2.906,2.786,2.826,86581.120
2006-06-28,2.826,2.882,2.786,2.882,22304.080
2006-06-29,2.834,2.858,2.810,2.834,34423.060
2006-07-03,2.794,2.866,2.738,2.810,40287.620
2006-07-04,2.722,2.794,2.690,2.794,41684.060
2006-07-05,2.666,2.714,2.642,2.714,19496.420
2006-07-06,2.762,2.762,2.650,2.666,22499.060
2006-07-07,2.714,2.778,2.698,2.762,19595.760
2006-07-10,2.786,2.794,2.714,2.714,20485.530
2006-07-11,2.866,2.866,2.770,2.794,42315.290
2006-07-12,2.802,2.945,2.802,2.858,51085.370
2006-07-13,2.562,2.818,2.562,2.786,41138.200
2006-07-14,2.610,2.642,2.514,2.554,20016.530
2006-07-17,2.650,2.650,2.570,2.610,12398.170
2006-07-18,2.666,2.674,2.578,2.650,15069.890
2006-07-19,2.626,2.650,2.570,2.634,12867.260
2006-07-20,2.658,2.658,2.578,2.618,11311.230
2006-07-21,2.658,2.674,2.594,2.658,10065.180
2006-07-24,2.650,2.658,2.594,2.634,8930.150
2006-07-25,2.722,2.730,2.642,2.650,19858.990
2006-07-26,2.754,2.794,2.722,2.722,26058.270
2006-07-27,2.714,2.786,2.674,2.714,21165.200
2006-07-31,2.794,2.866,2.514,2.634,71385.380
2006-08-01,2.610,2.794,2.594,2.778,34794.070
2006-08-02,2.506,2.626,2.451,2.594,24190.120
2006-08-03,2.522,2.554,2.506,2.514,7277.460
2006-08-04,2.435,2.546,2.435,2.530,14065.200
2006-08-07,2.259,2.403,2.243,2.403,18519.000
2006-08-08,2.347,2.355,2.259,2.259,11206.670
2006-08-09,2.363,2.403,2.339,2.355,9209.580
2006-08-10,2.411,2.411,2.355,2.355,8329.030
2006-08-11,2.371,2.411,2.323,2.411,12249.440
2006-08-14,2.299,2.395,2.283,2.387,10125.900
2006-08-15,2.331,2.339,2.283,2.299,7641.100
2006-08-16,2.363,2.379,2.331,2.339,6909.120
2006-08-17,2.331,2.363,2.299,2.363,7438.200
2006-08-18,2.331,2.347,2.315,2.323,5230.440
2006-08-21,2.339,2.339,2.259,2.259,5784.990
2006-08-22,2.347,2.355,2.315,2.315,7060.820
2006-08-23,2.371,2.387,2.347,2.347,11195.540
2006-08-24,2.395,2.395,2.331,2.379,8477.070
2006-08-25,2.371,2.403,2.363,2.395,7093.610
2006-08-28,2.419,2.419,2.363,2.371,14335.590
2006-08-29,2.411,2.467,2.411,2.427,15125.940
2006-08-30,2.443,2.443,2.411,2.411,9057.300
2006-08-31,2.475,2.475,2.443,2.459,11011.370
2006-09-01,2.427,2.498,2.419,2.475,13846.400
2006-09-04,2.459,2.483,2.403,2.403,8438.590
2006-09-05,2.459,2.475,2.443,2.475,8393.400
2006-09-06,2.498,2.506,2.443,2.459,12832.360
2006-09-07,2.451,2.514,2.435,2.514,10032.620
2006-09-08,2.443,2.475,2.419,2.435,6811.000
2006-09-11,2.435,2.459,2.395,2.435,12340.370
2006-09-12,2.459,2.475,2.411,2.419,11785.350
2006-09-13,2.451,2.475,2.435,2.451,9211.000
2006-09-14,2.443,2.451,2.411,2.443,7759.460
2006-09-15,2.483,2.483,2.435,2.435,14156.650
2006-09-18,2.522,2.522,2.475,2.490,17726.690
2006-09-19,2.530,2.562,2.506,2.522,18532.450
2006-09-20,2.546,2.562,2.506,2.522,14506.320
2006-09-21,2.650,2.666,2.530,2.546,38605.240
2006-09-22,2.594,2.682,2.594,2.682,21891.590
2006-09-25,2.618,2.666,2.562,2.578,21085.790
2006-09-26,2.754,2.762,2.594,2.594,50788.900
2006-09-27,2.770,2.786,2.706,2.738,27668.240
2006-09-28,2.746,2.770,2.714,2.770,21948.770
2006-09-29,2.674,2.770,2.674,2.746,24712.360
2006-10-09,2.730,2.738,2.690,2.690,15733.910
2006-10-10,2.698,2.746,2.682,2.738,15868.930
2006-10-11,2.714,2.730,2.666,2.698,12948.860
2006-10-12,2.682,2.714,2.666,2.714,14851.000
2006-10-13,2.826,2.953,2.674,2.682,75338.280
2006-10-16,2.786,2.866,2.674,2.826,31192.840
2006-10-17,2.818,2.850,2.762,2.770,21959.590
2006-10-18,2.890,3.017,2.850,2.922,38524.740
2006-10-19,2.914,2.930,2.842,2.890,22505.540
2006-10-20,2.866,2.985,2.858,2.914,24063.000
2006-10-23,2.738,2.898,2.706,2.866,23737.400
2006-10-24,2.842,2.850,2.722,2.730,23179.180
2006-10-25,2.810,2.874,2.778,2.818,14686.550
2006-10-26,2.770,2.826,2.754,2.826,11183.400
2006-10-27,2.746,2.818,2.714,2.770,13790.340
2006-10-30,2.778,2.778,2.698,2.746,12405.200
2006-10-31,2.818,2.834,2.738,2.778,12877.870
2006-11-01,2.906,2.906,2.786,2.818,24495.710
2006-11-02,2.842,2.937,2.818,2.914,28647.070
2006-11-03,2.858,2.922,2.826,2.826,19467.850
2006-11-06,2.937,2.953,2.834,2.858,39517.880
2006-11-07,2.930,2.969,2.842,2.937,35564.140
2006-11-08,2.826,2.914,2.818,2.914,16825.380
2006-11-09,2.874,2.906,2.810,2.826,13737.700
2006-11-10,2.754,2.898,2.722,2.874,27654.140
2006-11-13,2.650,2.778,2.618,2.754,19197.800
2006-11-14,2.698,2.706,2.538,2.650,15909.100
2006-11-15,2.714,2.722,2.642,2.698,10645.910
2006-11-16,2.666,2.738,2.658,2.738,10661.680
2006-11-17,2.698,2.698,2.650,2.650,7826.300
2006-11-20,2.666,2.714,2.650,2.650,12023.300
2006-11-21,2.706,2.746,2.674,2.706,9807.270
2006-11-22,2.746,2.786,2.666,2.706,16894.940
2006-11-23,2.738,2.778,2.714,2.746,11738.560
2006-11-24,2.786,2.786,2.698,2.738,18659.670
2006-11-27,2.834,2.850,2.778,2.778,14794.510
2006-11-28,2.850,2.890,2.810,2.842,19198.720
2006-11-29,2.930,2.953,2.786,2.842,36745.400
2006-11-30,2.914,2.977,2.898,2.914,27052.100
2006-12-01,2.937,2.961,2.890,2.937,33894.620
2006-12-04,3.009,3.049,2.914,2.937,41586.240
2006-12-05,2.993,3.073,2.977,3.025,28033.060
2006-12-06,2.882,3.009,2.810,2.993,38686.510
2006-12-07,2.914,2.969,2.890,2.914,26094.900
2006-12-08,2.858,2.961,2.842,2.898,23539.600
2006-12-11,2.937,2.945,2.858,2.858,14969.530
2006-12-12,2.922,2.969,2.890,2.969,14349.430
2006-12-13,2.898,2.930,2.858,2.922,12037.390
2006-12-14,3.001,3.017,2.890,2.898,35686.790
2006-12-15,2.961,3.017,2.953,3.009,20329.690
2006-12-18,2.969,2.985,2.906,2.969,24495.380
2006-12-19,2.961,2.993,2.874,2.953,29981.770
2006-12-20,3.089,3.089,2.914,2.961,55340.660
2006-12-21,3.121,3.241,3.065,3.081,56929.990
2006-12-22,3.424,3.432,3.105,3.113,142617.140
2006-12-25,3.289,3.408,3.281,3.353,71979.400
2006-12-26,3.496,3.576,3.241,3.257,78095.860
2006-12-27,3.520,3.568,3.432,3.472,53042.850
2006-12-28,3.369,3.528,3.305,3.520,48169.710
2006-12-29,3.361,3.472,3.305,3.305,34717.590
2007-02-02,3.528,3.528,3.528,3.528,1151.600
2007-02-05,3.704,3.704,3.704,3.704,438.500
2007-02-06,3.887,3.887,3.887,3.887,913.700
2007-02-07,4.079,4.079,4.079,4.079,3229.010
2007-02-08,4.286,4.286,4.286,4.286,8189.320
2007-02-09,4.502,4.502,4.502,4.502,60536.380
2007-03-08,5.257,5.395,4.718,4.904,604133.920
2007-03-09,5.091,5.199,5.012,5.140,285558.450
2007-03-12,5.199,5.257,5.091,5.110,177818.840
2007-03-13,5.179,5.218,5.061,5.179,158193.570
2007-03-14,5.512,5.699,4.914,5.100,302172.000
2007-03-15,5.503,5.650,5.346,5.395,230637.510
2007-03-16,5.199,5.512,5.091,5.493,156493.350
2007-03-19,5.159,5.208,4.924,4.983,99041.530
2007-03-20,5.434,5.434,5.110,5.130,137187.030
2007-03-21,5.493,5.611,5.385,5.542,185285.270
2007-03-22,5.630,5.875,5.434,5.493,234847.110
2007-03-23,5.679,5.738,5.493,5.640,154204.200
2007-03-26,6.032,6.032,5.728,5.728,154566.480
2007-03-27,6.013,6.062,5.885,6.042,137470.640
2007-03-28,5.777,6.032,5.493,6.013,177992.660
2007-03-29,5.326,5.738,5.297,5.738,155625.450
2007-03-30,5.463,5.542,5.199,5.306,78377.010
2007-04-02,5.581,5.630,5.434,5.542,62288.260
2007-04-03,5.620,5.660,5.503,5.601,86770.740
2007-04-04,5.748,5.836,5.542,5.620,119928.990
2007-04-05,5.934,6.022,5.669,5.699,155840.080
2007-04-06,5.924,6.042,5.807,5.905,152418.810
2007-04-09,5.954,6.032,5.885,5.934,148153.540
2007-04-10,5.924,6.032,5.669,5.973,148361.490
2007-04-11,6.219,6.258,5.915,5.915,240218.320
2007-04-12,6.268,6.336,6.091,6.258,184775.370
2007-04-13,6.523,6.886,6.228,6.278,294894.670
2007-04-16,6.895,6.964,6.582,6.582,207123.270
2007-04-17,6.974,7.003,6.670,6.925,197119.340
2007-04-18,7.356,7.445,6.895,6.994,186434.640
2007-04-19,7.131,7.827,6.768,7.376,260333.170
2007-04-20,7.631,7.651,7.190,7.190,189982.920
2007-04-23,8.082,8.102,7.768,7.768,155568.810
2007-04-24,8.023,8.632,7.847,8.082,195235.730
2007-04-25,7.778,7.945,7.425,7.945,192703.320
2007-04-26,8.122,8.141,7.602,7.749,162062.480
2007-04-27,8.033,8.327,8.014,8.180,172448.580
2007-04-30,7.798,7.945,7.690,7.945,126708.530
2007-05-08,8.151,8.229,7.651,7.866,235627.230
2007-05-09,8.533,8.553,8.043,8.180,326523.130
2007-05-10,8.543,8.681,8.435,8.563,178041.850
2007-05-11,8.367,8.514,8.249,8.514,119979.420
2007-05-14,8.406,8.514,7.974,8.171,155444.210
2007-05-15,8.249,8.632,8.239,8.553,236258.870
2007-05-16,8.347,8.386,7.896,8.239,118252.060
2007-05-17,8.583,8.612,8.337,8.367,167101.400
2007-05-18,8.553,8.808,8.435,8.583,187775.220
2007-05-21,9.406,9.406,8.092,8.092,348216.130
2007-05-25,10.348,10.348,10.348,10.348,19048.420
2007-05-28,11.388,11.388,11.388,11.388,7901.640
2007-05-29,12.526,12.526,11.780,12.526,687678.040
2007-05-30,11.810,12.928,11.270,12.359,399876.950
2007-05-31,10.691,12.163,10.632,11.555,288495.900
2007-06-01,9.622,10.986,9.622,10.799,180797.750
2007-06-04,8.661,9.318,8.661,8.857,47773.050
2007-06-05,8.867,8.906,7.798,7.798,204644.090
2007-06-06,8.641,9.200,8.239,9.122,211164.090
2007-06-07,9.505,9.505,8.200,8.583,246390.050
2007-06-08,9.710,10.279,9.426,9.710,251275.670
2007-06-11,10.093,10.446,9.465,9.701,189408.380
2007-06-12,11.103,11.103,9.809,10.093,297359.890
2007-06-13,11.093,11.760,10.789,11.290,294361.530
2007-06-14,10.525,11.054,10.348,10.976,161088.260
2007-06-15,10.476,10.789,10.152,10.358,108532.320
2007-06-18,10.495,10.780,10.407,10.682,116663.980
2007-06-19,10.377,10.495,10.034,10.485,114471.870
2007-06-20,10.799,11.280,10.348,10.377,255191.520
2007-06-21,11.280,11.280,10.691,10.789,236708.220
2007-06-22,10.152,11.329,10.152,11.280,150658.430
2007-06-25,9.142,9.809,9.142,9.809,121719.600
2007-06-26,8.749,8.818,8.229,8.229,158710.660
2007-06-27,8.681,8.975,8.190,8.828,120220.310
2007-06-28,7.817,8.975,7.817,8.739,103779.210
2007-06-29,7.033,7.405,7.033,7.239,116475.260
2007-07-02,7.219,7.337,6.444,6.807,99768.450
2007-07-03,7.043,7.337,6.837,7.239,69194.030
2007-07-04,6.758,7.219,6.719,7.052,53246.230
2007-07-05,6.081,6.621,6.081,6.621,62543.840
2007-07-06,6.660,6.680,5.669,5.885,100808.800
2007-07-09,6.827,6.925,6.474,6.670,89581.680
2007-07-10,6.984,7.258,6.866,7.062,130281.690
2007-07-11,7.023,7.052,6.729,6.925,50085.530
2007-07-12,7.072,7.111,6.866,7.062,42499.270
2007-07-13,6.944,7.062,6.788,7.062,29725.890
2007-07-16,6.464,6.935,6.376,6.925,40348.000
2007-07-17,6.562,6.660,6.317,6.376,29028.720
2007-07-18,6.523,6.719,6.425,6.631,27991.280
2007-07-19,6.523,6.640,6.434,6.464,18235.560
2007-07-20,6.856,6.866,6.523,6.523,53000.450
2007-07-23,7.356,7.356,6.866,6.866,82899.990
2007-07-24,7.425,7.896,7.376,7.504,96401.940
2007-07-25,8.171,8.171,7.435,7.435,129760.570
2007-07-26,8.553,8.975,8.298,8.308,186624.720
2007-07-27,8.592,8.779,8.023,8.533,97703.830
2007-07-30,8.710,8.828,8.386,8.543,96869.050
2007-07-31,9.240,9.318,8.524,8.681,128769.840
2007-08-01,8.327,9.299,8.318,9.259,151629.880
2007-08-02,8.583,8.690,8.200,8.239,83278.280
2007-08-03,8.494,8.690,8.318,8.592,70429.110
2007-08-06,8.779,8.808,8.357,8.632,111888.160
2007-08-07,9.102,9.318,8.641,8.975,196514.190
2007-08-08,8.533,8.906,8.337,8.857,104476.300
2007-08-09,8.367,8.533,8.259,8.484,76157.620
2007-08-10,8.337,8.573,8.141,8.298,62215.370
2007-08-13,8.847,9.024,8.435,8.514,190340.030
2007-08-14,8.936,9.004,8.553,8.896,124998.040
2007-08-15,9.583,9.809,8.632,9.004,319617.610
2007-08-16,9.436,9.809,9.122,9.269,163798.750
2007-08-17,9.142,9.563,9.122,9.318,108160.000
2007-08-20,9.348,9.416,9.181,9.308,124766.360
2007-08-21,9.171,9.495,9.083,9.367,89296.150
2007-08-22,9.122,9.289,8.926,9.044,90378.900
2007-08-23,9.063,9.220,9.024,9.171,72121.810
2007-08-24,9.132,9.318,8.994,9.063,75840.480
2007-08-27,9.416,9.426,9.063,9.151,139251.490
2007-08-28,9.495,9.691,9.044,9.416,163939.780
2007-08-29,9.750,10.054,9.269,9.416,263653.560
2007-08-30,9.985,10.005,9.505,9.789,178334.590
2007-08-31,9.838,10.299,9.809,10.064,159062.510
2007-09-03,10.015,10.191,9.691,9.858,147100.610
2007-09-05,9.769,9.907,9.495,9.809,96626.100
2007-09-06,9.936,10.201,9.867,9.916,118914.840
2007-09-07,9.514,9.946,9.505,9.946,95105.340
2007-09-10,9.593,9.593,9.044,9.416,67883.840
2007-09-11,8.700,9.701,8.632,9.514,72853.480
2007-09-12,8.965,9.004,8.543,8.553,86009.380
2007-09-13,8.965,8.994,8.828,8.985,47532.300
2007-09-14,9.112,9.122,8.877,9.014,57003.710
2007-09-17,9.240,9.318,8.926,9.024,64278.640
2007-09-18,9.524,9.632,9.142,9.269,85558.300
2007-09-19,9.475,9.858,9.446,9.612,87657.500
2007-09-20,9.367,9.554,9.259,9.465,59295.650
2007-09-21,9.161,9.446,8.926,9.416,60425.000
2007-09-24,9.465,9.514,8.877,9.171,76760.460
2007-09-25,9.514,9.789,9.465,9.691,131858.450
2007-09-26,9.053,9.593,8.936,9.514,54160.540
2007-09-27,9.122,9.171,8.994,9.024,30771.290
2007-09-28,9.249,9.426,9.220,9.338,47225.210
2007-10-08,9.259,9.446,9.230,9.318,39304.580
2007-10-09,9.269,9.269,9.004,9.220,35361.690
2007-10-10,9.044,9.279,9.024,9.269,42130.380
2007-10-11,8.769,9.024,8.730,8.896,53876.000
2007-10-15,8.426,8.710,8.141,8.622,53429.730
2007-10-16,8.553,8.720,8.318,8.347,35302.690
2007-10-17,8.396,8.612,8.239,8.583,35087.290
2007-10-18,8.023,8.435,7.974,8.416,38335.820
2007-10-19,7.935,8.210,7.925,8.004,24938.690
2007-10-22,7.925,7.955,7.719,7.935,31808.100
2007-10-23,8.220,8.239,7.847,7.994,43741.080
2007-10-24,8.288,8.337,8.063,8.220,47946.420
2007-10-25,7.464,8.494,7.464,8.337,66769.530
2007-10-26,7.072,7.288,6.729,7.258,36545.100
2007-10-29,7.092,7.356,6.768,7.072,23304.780
2007-10-30,7.180,7.190,6.925,7.160,20401.610
2007-10-31,7.533,7.631,7.209,7.249,37083.340
2007-11-01,7.239,7.592,7.229,7.533,27206.350
2007-11-02,6.915,7.111,6.876,7.111,21813.660
2007-11-05,7.043,7.111,6.788,6.915,16494.910
2007-11-06,7.160,7.347,7.043,7.258,17471.730
2007-11-07,7.131,7.160,6.935,7.141,16229.570
2007-11-08,6.886,7.160,6.866,7.111,16273.000
2007-11-09,6.837,6.984,6.768,6.846,14083.630
2007-11-12,6.621,6.778,6.483,6.778,15037.590
2007-11-13,6.788,6.915,6.670,6.680,17505.750
2007-11-14,7.013,7.043,6.719,6.719,27448.280
2007-11-15,6.915,7.013,6.837,6.964,21352.810
2007-11-16,6.994,7.013,6.768,6.817,21897.690
2007-11-19,7.288,7.356,6.964,7.013,39871.250
2007-11-20,8.014,8.014,7.356,7.455,197123.690
2007-11-21,7.739,8.043,7.562,8.043,82709.350
2007-11-22,7.249,7.592,7.249,7.572,43464.420
2007-11-23,7.494,7.513,7.043,7.111,24877.510
2007-11-26,7.258,7.582,7.239,7.455,30769.200
2007-11-27,7.082,7.356,7.062,7.258,20513.550
2007-11-28,7.111,7.209,7.043,7.111,15830.660
2007-11-29,7.376,7.386,7.121,7.200,26369.920
2007-11-30,7.111,7.376,7.062,7.268,18514.890
2007-12-03,7.170,7.219,7.013,7.062,13849.510
2007-12-04,7.121,7.258,7.101,7.258,14855.850
2007-12-05,7.268,7.307,7.013,7.082,28289.180
2007-12-06,7.611,7.611,7.307,7.337,65326.630
2007-12-07,7.553,7.621,7.405,7.611,33059.000
2007-12-10,7.651,7.680,7.356,7.366,38608.070
2007-12-11,7.651,7.749,7.504,7.631,35558.070
2007-12-12,7.700,7.768,7.562,7.661,32118.190
2007-12-13,7.376,7.778,7.356,7.700,33280.220
2007-12-14,7.455,7.494,7.170,7.170,21337.150
2007-12-17,7.523,7.651,7.455,7.455,25835.970
2007-12-18,7.562,7.798,7.553,7.621,33563.690
2007-12-19,7.651,7.729,7.572,7.572,24132.410
2007-12-20,7.837,7.847,7.582,7.582,49683.440
2007-12-21,7.857,7.906,7.700,7.700,40877.530
2007-12-24,7.916,8.043,7.847,7.945,44756.010
2007-12-25,7.955,8.023,7.866,7.925,29157.960
2007-12-26,8.190,8.190,7.906,7.994,58406.040
2007-12-27,8.131,8.308,8.112,8.220,57478.560
2007-12-28,7.994,8.161,7.916,8.151,37125.610
2008-01-02,8.386,8.406,7.945,7.984,66216.760
2008-01-03,8.916,9.014,8.514,8.514,157640.410
2008-01-04,8.720,8.975,8.681,8.926,70599.920
2008-01-07,8.798,8.877,8.553,8.710,48431.450
2008-01-08,8.514,8.887,8.416,8.857,57518.540
2008-01-09,8.749,8.828,8.416,8.514,34435.730
2008-01-10,8.651,8.818,8.612,8.788,49437.270
2008-01-11,8.543,8.661,8.357,8.592,37777.280
2008-01-14,8.690,8.700,8.455,8.533,38567.370
2008-01-15,8.749,8.759,8.583,8.730,51447.030
2008-01-16,8.769,8.906,8.651,8.730,63740.830
2008-01-17,8.435,8.887,8.043,8.700,55274.050
2008-01-18,8.455,8.583,8.220,8.445,34355.330
2008-01-21,7.866,8.514,7.749,8.494,34912.370
2008-01-22,7.082,7.837,7.082,7.749,38897.800
2008-01-23,7.445,7.474,7.062,7.141,33068.760
2008-01-24,7.631,7.690,7.455,7.553,29675.990
2008-01-25,7.670,7.847,7.621,7.651,24402.660
2008-01-28,7.072,7.700,7.043,7.680,23013.540
2008-01-29,7.356,7.405,7.092,7.121,16067.140
2008-01-30,7.396,7.543,7.209,7.356,15498.450
2008-01-31,7.209,7.455,7.190,7.376,10865.950
2008-02-01,6.768,7.327,6.601,7.200,21320.540
2008-02-04,7.366,7.386,6.876,6.876,16060.890
2008-02-05,7.386,7.523,7.180,7.298,15017.290
2008-02-13,7.464,7.690,7.337,7.396,19005.440
2008-02-14,7.631,7.690,7.455,7.455,13340.810
2008-02-15,7.523,7.621,7.405,7.621,13825.960
2008-02-18,7.700,7.788,7.572,7.572,17079.070
2008-02-19,7.817,7.857,7.651,7.700,21371.610
2008-02-20,7.680,7.896,7.670,7.896,17057.100
2008-02-21,7.749,7.847,7.484,7.651,19350.360
2008-02-22,7.916,8.014,7.661,7.749,41736.400
2008-02-25,7.553,7.994,7.504,7.916,21877.720
2008-02-26,7.661,7.847,7.474,7.651,15741.530
2008-02-27,8.102,8.122,7.651,7.759,48436.800
2008-02-28,7.935,8.092,7.847,8.092,29155.200
2008-02-29,7.974,7.994,7.857,7.925,19379.100
2008-03-03,8.161,8.180,7.896,7.916,40765.740
2008-03-04,8.004,8.161,7.994,8.141,34917.110
2008-03-05,8.092,8.092,7.857,8.004,27492.570
2008-03-06,8.141,8.386,8.131,8.190,45137.750
2008-03-07,7.906,8.092,7.896,8.092,24542.270
2008-03-10,7.670,7.984,7.651,7.925,20706.300
2008-03-11,7.876,7.896,7.553,7.651,16884.190
2008-03-12,7.719,8.023,7.700,7.847,18832.000
2008-03-13,7.386,7.700,7.239,7.700,19376.380
2008-03-14,7.494,7.533,7.288,7.386,9804.820
2008-03-17,6.788,7.543,6.768,7.504,15504.990
2008-03-18,6.307,7.013,6.121,6.788,18609.620
2008-03-19,6.680,6.876,6.385,6.385,15782.110
2008-03-20,6.886,6.984,6.287,6.650,18549.140
2008-03-21,6.925,7.013,6.827,6.886,15066.140
2008-03-24,6.817,7.141,6.797,7.141,12840.950
2008-03-25,6.876,6.905,6.660,6.709,9715.520
2008-03-26,6.807,6.974,6.768,6.925,7986.230
2008-03-27,6.425,6.719,6.425,6.719,11072.100
2008-03-28,6.601,6.601,6.278,6.474,10043.020
2008-03-31,6.356,6.552,6.278,6.552,7101.300
2008-04-01,5.738,6.327,5.728,6.091,21312.280
2008-04-02,5.316,5.885,5.277,5.758,15983.780
2008-04-03,5.532,5.630,5.257,5.316,10153.880
2008-04-07,5.826,5.856,5.395,5.493,11738.110
2008-04-08,5.885,5.964,5.807,5.846,14144.480
2008-04-09,5.483,5.885,5.454,5.885,11724.820
2008-04-10,5.552,5.591,5.395,5.473,10205.520
2008-04-11,5.718,5.718,5.552,5.561,8792.760
2008-04-14,5.512,5.689,5.395,5.689,9324.540
2008-04-15,5.679,5.689,5.375,5.493,8067.490
2008-04-16,5.571,5.679,5.542,5.591,8622.500
2008-04-17,5.571,5.640,5.208,5.640,14681.300
2008-04-18,5.375,5.571,5.150,5.571,11672.340
2008-04-21,5.512,5.787,5.356,5.787,29743.890
2008-04-22,5.199,5.434,4.963,5.267,16633.910
2008-04-23,5.365,5.395,5.002,5.179,12235.990
2008-04-24,5.875,5.885,5.561,5.885,40928.890
2008-04-25,5.748,5.915,5.669,5.689,30833.770
2008-04-28,5.512,5.689,5.473,5.689,16910.230
2008-04-29,5.797,5.885,5.493,5.493,25488.470
2008-04-30,6.052,6.091,5.738,5.885,46134.470
2008-05-05,6.101,6.130,5.895,6.052,34133.140
2008-05-06,6.081,6.228,5.915,6.081,35087.400
2008-05-07,5.866,6.179,5.866,6.032,28843.900
2008-05-08,5.944,5.993,5.738,5.836,20466.150
2008-05-09,5.856,6.052,5.699,5.973,21231.360
2008-05-12,5.944,5.983,5.689,5.885,20597.780
2008-05-14,6.130,6.199,5.787,5.787,44977.380
2008-05-15,6.748,6.748,6.140,6.238,63299.850
2008-05-16,6.513,6.984,6.327,6.964,139182.820
2008-05-19,6.660,6.866,6.179,6.513,56578.960
2008-05-20,6.160,6.689,6.081,6.572,37872.180
2008-05-21,6.778,6.778,5.993,6.121,105070.810
2008-05-22,7.455,7.455,6.974,7.121,284012.880
2008-05-23,6.876,7.504,6.778,7.504,160542.950
2008-05-26,6.287,6.748,6.278,6.748,67099.360
2008-05-27,5.993,6.278,5.718,6.278,63475.110
2008-05-28,6.111,6.130,5.738,5.944,47957.760
2008-05-29,5.885,6.160,5.875,6.032,49094.490
2008-06-02,6.199,6.425,5.718,5.836,63339.880
2008-06-03,6.052,6.238,5.944,6.130,30927.210
2008-06-04,5.934,6.072,5.885,6.062,19375.590
2008-06-05,5.964,6.052,5.885,5.924,12321.300
2008-06-06,5.934,6.101,5.895,5.983,11375.750
2008-06-10,5.346,5.866,5.346,5.866,18849.220
2008-06-11,5.071,5.297,4.885,5.297,20360.870
2008-06-12,5.150,5.199,4.953,5.071,18677.000
2008-06-13,4.904,5.159,4.885,5.140,14480.900
2008-06-16,4.767,5.042,4.708,4.914,13555.180
2008-06-17,4.424,4.904,4.414,4.777,12340.990
2008-06-18,4.816,4.865,4.022,4.404,27270.110
2008-06-19,4.335,4.757,4.335,4.757,17115.980
2008-06-20,4.767,4.767,4.532,4.767,49657.160
2008-06-23,4.885,5.081,4.767,4.806,73206.660
2008-06-24,4.806,4.865,4.512,4.806,32615.960
2008-06-25,4.963,4.983,4.787,4.816,35887.950
2008-06-26,4.953,5.022,4.806,4.934,28314.230
2008-06-27,4.571,4.865,4.512,4.865,20832.200
2008-06-30,4.551,4.659,4.414,4.571,10057.980
2008-07-01,4.394,4.620,4.326,4.522,9747.900
2008-07-02,4.590,4.630,4.394,4.394,11078.820
2008-07-03,4.728,4.806,4.345,4.414,23479.790
2008-07-04,4.610,4.708,4.541,4.689,14825.300
2008-07-07,4.787,4.826,4.541,4.610,19037.430
2008-07-08,4.836,4.904,4.728,4.806,17992.480
2008-07-09,4.963,4.973,4.826,4.895,26934.520
2008-07-10,4.895,5.061,4.865,4.904,35342.110
2008-07-11,5.297,5.385,5.169,5.179,112218.220
2008-07-14,5.287,5.365,4.973,5.051,59579.900
2008-07-15,5.120,5.356,5.081,5.248,35536.500
2008-07-16,4.787,5.081,4.689,5.051,28086.180
2008-07-17,4.718,4.963,4.698,4.836,13219.150
2008-07-18,4.904,4.914,4.620,4.747,16263.270
2008-07-21,5.032,5.061,4.796,4.806,19322.410
2008-07-22,5.042,5.081,4.944,5.042,22008.180
2008-07-23,5.051,5.110,4.963,5.042,16408.210
2008-07-24,5.100,5.169,5.042,5.051,19322.140
2008-07-25,4.973,5.071,4.953,5.061,18216.850
2008-07-28,5.051,5.100,4.973,5.022,13704.470
2008-07-29,5.051,5.061,4.895,5.002,17631.060
2008-07-30,5.091,5.179,5.032,5.081,21788.360
2008-07-31,5.100,5.277,5.032,5.130,55769.720
2008-08-01,5.150,5.199,4.934,5.091,33551.130
2008-08-04,4.924,5.110,4.914,5.110,18019.670
2008-08-05,4.777,4.983,4.708,4.944,11861.970
2008-08-06,4.777,4.875,4.708,4.855,8014.000
2008-08-07,4.865,4.953,4.777,4.777,8030.150
2008-08-08,4.492,4.904,4.414,4.904,13446.360
2008-08-11,4.041,4.492,4.041,4.492,15365.900
2008-08-12,4.022,4.080,3.894,4.002,9412.010
2008-08-13,4.071,4.100,3.894,4.022,10417.510
2008-08-14,4.071,4.090,4.002,4.002,6995.400
2008-08-15,4.071,4.100,4.002,4.071,5510.650
2008-08-18,3.865,4.090,3.825,4.031,10489.330
2008-08-19,4.247,4.247,3.825,3.865,49708.940
2008-08-20,4.492,4.551,4.139,4.247,65424.200
2008-08-21,4.139,4.434,4.129,4.365,30405.370
2008-08-22,4.071,4.228,3.933,4.139,13315.670
2008-08-25,4.061,4.208,4.041,4.120,8885.370
2008-08-26,3.816,4.071,3.776,4.041,13813.290
2008-08-27,3.845,3.874,3.757,3.835,7655.470
2008-08-28,3.835,3.874,3.737,3.845,6265.430
2008-08-29,3.963,4.002,3.835,3.865,10472.470
2008-09-01,3.825,3.943,3.816,3.943,6292.800
2008-09-02,3.835,3.855,3.659,3.717,8246.020
2008-09-03,3.865,3.884,3.767,3.786,7100.710
2008-09-04,3.923,3.933,3.825,3.914,8128.800
2008-09-05,3.747,3.835,3.708,3.806,6978.950
2008-09-08,3.502,3.776,3.462,3.737,9056.010
2008-09-09,3.512,3.600,3.355,3.580,8479.790
2008-09-10,3.482,3.570,3.404,3.512,5817.410
2008-09-11,3.374,3.521,3.345,3.472,5703.890
2008-09-12,3.708,3.708,3.482,3.482,34010.810
2008-09-16,3.443,3.757,3.335,3.717,42461.300
2008-09-17,3.335,3.433,3.256,3.335,18062.840
2008-09-18,3.178,3.315,3.021,3.286,13542.510
2008-09-19,3.492,3.492,3.413,3.492,17536.490
2008-09-22,3.639,3.845,3.541,3.816,42155.110
2008-09-23,3.394,3.570,3.384,3.570,15659.920
2008-09-24,3.482,3.482,3.256,3.335,9718.580
2008-09-25,3.551,3.600,3.453,3.472,16280.930
2008-09-26,3.806,3.884,3.521,3.551,43175.770
2008-10-06,3.619,3.727,3.580,3.678,14083.990
2008-10-07,3.757,3.767,3.492,3.561,20046.230
2008-10-08,3.737,3.894,3.708,3.776,44737.510
2008-10-09,3.649,3.855,3.629,3.806,18051.100
2008-10-10,3.286,3.580,3.286,3.580,19828.110
2008-10-13,3.413,3.413,3.139,3.188,10476.530
2008-10-15,3.296,3.384,3.188,3.237,7717.500
2008-10-16,3.247,3.325,3.051,3.296,9235.230
2008-10-17,3.394,3.423,3.207,3.296,12487.700
2008-10-20,3.433,3.462,3.296,3.394,11896.650
2008-10-21,3.433,3.512,3.394,3.433,12066.610
2008-10-22,3.237,3.453,3.237,3.384,8898.200
2008-10-23,3.256,3.256,3.139,3.158,8796.530
2008-10-24,3.217,3.306,3.188,3.286,7151.000
2008-10-27,2.972,3.188,2.962,3.188,8914.300
2008-10-28,3.080,3.090,2.923,2.972,9466.110
2008-10-29,3.001,3.168,2.992,3.109,7070.050
2008-10-30,3.070,3.090,3.001,3.041,5860.030
2008-10-31,3.031,3.100,3.011,3.070,4514.000
2008-11-03,3.051,3.100,3.021,3.070,4783.480
2008-11-04,3.090,3.090,2.952,3.060,9627.640
2008-11-05,3.178,3.247,3.070,3.090,15091.490
2008-11-06,3.100,3.168,3.041,3.109,7318.020
2008-11-07,3.149,3.158,3.011,3.051,10862.320
2008-11-10,3.413,3.423,3.158,3.178,22933.930
2008-11-11,3.325,3.404,3.286,3.335,22917.870
2008-11-12,3.364,3.384,3.256,3.315,15553.890
2008-11-13,3.472,3.502,3.325,3.355,30392.830
2008-11-14,3.776,3.806,3.433,3.502,61950.360
2008-11-17,3.914,3.943,3.816,3.943,88640.470
2008-11-18,3.776,4.218,3.649,3.904,84250.030
2008-11-19,3.943,3.973,3.708,3.767,54304.130
2008-11-20,3.835,3.943,3.786,3.855,37501.860
2008-11-21,3.757,3.855,3.531,3.708,32550.090
2008-11-24,3.561,3.845,3.541,3.806,19595.910
2008-11-25,3.502,3.708,3.423,3.610,14945.540
2008-11-26,3.561,3.619,3.472,3.570,13273.940
2008-11-27,3.610,3.874,3.580,3.874,24304.370
2008-11-28,3.610,3.757,3.551,3.610,24151.160
2008-12-01,3.747,3.747,3.551,3.561,21613.480
2008-12-02,3.796,3.806,3.629,3.649,32209.960
2008-12-03,3.904,3.914,3.776,3.806,47834.720
2008-12-04,3.835,3.973,3.816,3.933,60081.770
2008-12-05,3.865,3.874,3.767,3.806,29643.220
2008-12-08,4.120,4.149,3.865,3.874,85068.870
2008-12-09,4.159,4.277,4.071,4.178,128520.950
2008-12-10,4.247,4.257,4.022,4.110,72934.990
2008-12-11,4.061,4.267,4.041,4.237,41761.500
2008-12-12,3.874,4.120,3.757,4.022,33785.850
2008-12-15,3.845,3.973,3.737,3.963,23312.890
2008-12-16,3.973,3.973,3.767,3.767,27387.900
2008-12-17,4.071,4.169,3.963,3.982,54672.080
2008-12-18,4.080,4.100,3.953,4.022,28615.190
2008-12-19,4.080,4.159,4.022,4.080,31438.750
2008-12-22,4.002,4.120,3.953,4.100,20638.380
2008-12-23,3.727,4.031,3.708,4.012,23174.520
2008-12-24,3.757,3.865,3.717,3.796,19618.170
2008-12-25,3.747,3.835,3.717,3.776,10776.330
2008-12-26,3.708,3.776,3.678,3.747,9193.720
2008-12-29,3.767,3.776,3.570,3.727,9984.390
2008-12-30,3.816,3.845,3.727,3.727,16268.720
2008-12-31,3.639,3.806,3.629,3.776,11186.000
2009-01-05,3.767,3.776,3.649,3.649,11401.770
2009-01-06,3.874,3.894,3.688,3.727,24536.260
2009-01-07,3.953,4.110,3.825,3.835,52390.760
2009-01-08,3.865,3.904,3.825,3.874,20717.080
2009-01-09,4.051,4.100,3.865,3.865,56635.480
2009-01-12,4.061,4.218,4.031,4.031,50934.900
2009-01-13,3.914,4.061,3.904,4.002,25701.570
2009-01-14,4.031,4.031,3.865,3.884,21010.930
2009-01-15,3.992,4.051,3.953,3.973,27197.080
2009-01-16,4.012,4.071,3.982,4.002,29219.190
2009-01-19,3.982,4.090,3.953,4.051,18836.600
2009-01-20,3.992,4.002,3.923,3.953,13680.550
2009-01-21,3.963,4.012,3.914,3.973,18767.220
2009-01-22,4.022,4.051,3.963,3.973,21867.040
2009-01-23,4.218,4.257,4.002,4.022,98592.870
2009-02-02,4.630,4.639,4.218,4.326,159266.360
2009-02-03,4.649,4.787,4.453,4.541,107488.630
2009-02-04,4.610,4.757,4.551,4.630,76030.660
2009-02-05,4.463,4.659,4.414,4.571,64383.400
2009-02-06,4.659,4.708,4.483,4.492,77812.100
2009-02-09,4.698,4.787,4.620,4.708,82580.540
2009-02-10,4.924,4.944,4.610,4.698,101705.940
2009-02-11,4.816,5.002,4.689,4.855,94369.010
2009-02-12,4.845,4.953,4.659,4.836,73722.850
2009-02-13,5.002,5.032,4.816,4.885,88995.580
2009-02-16,5.071,5.091,4.904,5.012,82758.170
2009-02-17,4.934,5.189,4.904,5.022,86915.010
2009-02-18,4.590,4.904,4.571,4.816,62541.620
2009-02-19,4.649,4.708,4.522,4.610,36056.610
2009-02-20,4.806,4.806,4.581,4.639,43279.540
2009-02-23,4.983,5.012,4.757,4.836,65206.810
2009-02-24,4.728,4.963,4.659,4.934,71282.110
2009-02-25,5.012,5.022,4.649,4.796,102151.630
2009-02-26,4.738,5.081,4.639,5.042,112299.980
2009-02-27,4.296,4.728,4.267,4.659,65086.850
2009-03-02,4.443,4.473,4.257,4.296,32970.180
2009-03-03,4.384,4.483,4.267,4.316,29191.980
2009-03-04,4.600,4.630,4.424,4.473,53970.890
2009-03-05,4.777,4.855,4.541,4.630,74275.950
2009-03-06,4.796,4.934,4.689,4.738,85402.580
2009-03-09,4.424,4.855,4.414,4.855,74306.430
2009-03-10,4.522,4.532,4.326,4.326,29057.760
2009-03-11,4.502,4.679,4.463,4.600,27070.900
2009-03-12,4.532,4.532,4.375,4.434,19032.910
2009-03-13,4.492,4.630,4.473,4.532,23523.570
2009-03-16,4.551,4.551,4.375,4.463,22677.800
2009-03-17,4.865,4.885,4.502,4.541,88149.220
2009-03-18,4.826,4.895,4.757,4.885,67083.800
2009-03-19,4.865,4.914,4.796,4.865,75297.460
2009-03-20,4.944,5.051,4.865,4.875,111257.220
2009-03-23,5.150,5.208,4.895,4.904,117752.470
2009-03-24,5.012,5.140,5.002,5.130,89795.730
2009-03-25,4.885,5.051,4.865,4.993,60194.130
2009-03-26,4.973,4.993,4.747,4.855,53239.260
2009-03-27,5.002,5.179,4.983,5.002,75893.110
2009-03-30,5.159,5.199,4.983,5.051,96829.780
2009-03-31,5.179,5.189,4.914,4.953,74309.930
2009-04-01,5.159,5.248,5.110,5.179,80821.000
2009-04-02,5.091,5.199,5.042,5.169,80101.790
2009-04-03,4.983,5.150,4.924,5.130,60596.290
2009-04-07,5.012,5.051,4.963,4.993,39057.390
2009-04-08,4.983,5.091,4.904,4.953,62384.630
2009-04-09,5.100,5.100,4.895,4.895,57852.270
2009-04-10,5.306,5.473,5.071,5.110,142647.490
2009-04-13,5.365,5.434,5.248,5.375,88074.600
2009-04-14,5.434,5.561,5.277,5.375,70630.730
2009-04-15,5.414,5.542,5.297,5.395,65779.790
2009-04-16,5.434,5.512,5.297,5.356,66002.460
2009-04-17,5.316,5.512,5.316,5.434,60742.100
2009-04-20,5.650,5.718,5.297,5.316,96927.100
2009-04-21,5.581,5.777,5.493,5.552,69254.850
2009-04-22,5.395,5.660,5.356,5.581,79971.430
2009-04-23,5.493,5.503,5.277,5.395,49536.480
2009-04-24,5.669,5.924,5.493,5.493,114914.810
2009-04-27,5.885,6.003,5.405,5.699,115478.200
2009-04-28,5.767,6.022,5.689,5.846,71205.320
2009-04-29,5.895,5.954,5.718,5.718,61405.740
2009-04-30,6.062,6.130,5.807,5.905,80446.120
2009-05-04,6.130,6.248,6.032,6.101,84776.240
2009-05-05,6.121,6.209,5.993,6.179,84978.360
2009-05-06,6.140,6.160,6.042,6.101,72803.840
2009-05-07,6.042,6.278,5.954,6.121,69663.070
2009-05-08,6.150,6.248,6.003,6.042,74476.870
2009-05-12,6.572,6.680,5.934,5.944,150050.150
2009-05-13,6.493,6.729,6.415,6.434,77844.220
2009-05-14,6.376,6.542,6.179,6.513,71525.380
2009-05-15,6.415,6.444,6.258,6.297,49488.060
2009-05-18,6.503,6.611,6.376,6.415,48365.410
2009-05-19,6.444,6.542,6.395,6.474,42895.360
2009-05-20,6.327,6.493,6.268,6.464,51167.310
2009-05-21,6.140,6.307,5.905,6.287,79221.510
2009-05-22,6.140,6.278,6.032,6.042,32893.340
2009-05-25,6.160,6.228,5.866,5.983,41983.460
2009-05-26,6.317,6.415,6.121,6.160,57887.380
2009-05-27,6.160,6.356,6.130,6.248,29405.620
2009-06-01,6.170,6.238,6.140,6.179,29242.450
2009-06-02,6.140,6.199,6.121,6.179,31543.050
2009-06-03,6.130,6.179,6.081,6.140,34524.830
2009-06-04,6.376,6.385,6.091,6.130,74637.420
2009-06-05,6.209,6.395,6.179,6.385,49803.290
2009-06-08,6.297,6.385,6.111,6.209,36422.550
2009-06-09,6.160,6.297,6.091,6.297,31284.010
2009-06-10,6.248,6.258,6.111,6.160,29346.490
2009-06-11,6.091,6.248,6.081,6.228,29002.100
2009-06-12,5.885,6.130,5.787,6.042,44496.420
2009-06-15,6.022,6.052,5.885,5.885,23462.670
2009-06-16,5.954,6.022,5.905,5.983,17783.190
2009-06-17,6.013,6.022,5.885,5.944,16747.140
2009-06-18,6.042,6.062,5.964,6.022,22504.510
2009-06-19,6.032,6.081,5.934,6.072,27229.170
2009-06-22,6.081,6.170,6.013,6.062,38327.920
2009-06-23,5.973,6.072,5.915,6.052,25077.710
2009-06-24,6.032,6.042,5.973,5.973,22601.070
2009-06-25,6.003,6.170,5.993,6.042,32010.510
2009-06-26,6.032,6.072,5.964,6.072,24759.030
2009-06-29,6.640,6.640,6.032,6.032,192759.520
2009-06-30,7.092,7.307,6.572,6.866,323170.740
2009-07-01,7.180,7.356,6.768,6.866,219293.600
2009-07-02,7.062,7.209,6.866,7.209,136311.010
2009-07-03,7.739,7.768,6.944,6.974,260856.940
2009-07-07,7.592,8.033,7.366,7.651,233425.660
2009-07-08,7.582,7.651,7.356,7.474,85399.370
2009-07-09,7.504,7.582,7.415,7.533,62372.840
2009-07-10,7.543,7.749,7.415,7.513,83602.700
2009-07-13,7.415,7.621,7.376,7.455,69469.240
2009-07-14,7.494,7.661,7.386,7.415,80865.590
2009-07-15,7.504,7.543,7.366,7.543,76577.550
2009-07-16,7.513,7.827,7.474,7.504,117708.730
2009-07-17,7.543,7.592,7.356,7.474,66669.200
2009-07-20,7.631,7.739,7.504,7.543,111135.860
2009-07-21,8.396,8.396,7.415,7.651,309813.380
2009-07-22,8.622,8.965,8.141,8.200,319252.750
2009-07-23,8.994,9.151,8.308,8.563,207001.740
2009-07-24,8.965,9.171,8.808,8.936,163062.480
2009-07-27,8.916,9.004,8.681,8.926,122624.970
2009-07-28,8.945,8.985,8.632,8.916,103275.670
2009-07-29,8.377,9.073,8.053,8.945,114368.050
2009-07-30,9.151,9.210,8.288,8.288,207427.380
2009-07-31,9.524,9.985,8.975,9.230,246179.650
2009-08-03,9.642,9.956,9.495,9.505,153176.220
2009-08-04,9.701,10.034,9.612,9.809,163927.230
2009-08-05,9.446,9.799,9.210,9.730,129465.710
2009-08-06,9.338,9.612,9.191,9.446,107303.810
2009-08-07,8.965,9.465,8.906,9.328,83434.470
2009-08-10,9.328,9.593,8.798,9.014,121232.420
2009-08-11,9.436,9.583,9.171,9.220,103206.260
2009-08-12,9.455,9.514,9.102,9.436,74430.970
2009-08-13,9.308,9.485,9.220,9.367,65840.840
2009-08-14,9.014,9.475,8.877,9.249,77301.960
2009-08-17,8.112,8.926,8.112,8.877,98230.450
2009-08-18,8.210,8.357,7.876,7.955,62700.670
2009-08-19,7.729,8.367,7.553,8.337,65104.040
2009-08-20,8.171,8.229,7.739,7.739,74504.880
2009-08-21,8.985,8.985,8.161,8.318,144572.680
2009-09-22,8.543,8.985,8.347,8.710,218059.190
2009-09-23,7.925,8.681,7.817,8.426,116355.590
2009-09-24,7.592,7.916,7.327,7.778,104402.840
2009-09-25,7.808,7.984,7.464,7.553,72714.840
2009-09-28,8.131,8.229,7.710,7.925,107328.960
2009-09-29,7.670,8.122,7.484,8.122,54394.780
2009-09-30,7.572,7.896,7.513,7.837,57335.760
2009-10-09,8.072,8.122,7.582,7.602,68818.580
2009-10-12,7.994,8.180,7.837,8.004,70064.670
2009-10-13,8.298,8.327,7.955,7.984,73926.210
2009-10-14,8.327,8.504,8.249,8.318,94327.300
2009-10-15,8.347,8.465,8.239,8.337,63289.800
2009-10-16,8.838,8.906,8.367,8.426,147973.520
2009-10-19,9.073,9.279,8.857,8.877,156132.330
2009-10-20,9.063,9.151,8.877,9.093,104308.490
2009-10-21,9.053,9.279,8.955,9.044,90908.070
2009-10-22,8.896,9.122,8.847,9.044,83498.710
2009-10-23,9.249,9.279,8.906,8.926,147946.990
2009-10-26,9.200,9.318,9.024,9.240,83493.010
2009-10-27,8.749,9.093,8.710,9.093,108955.900
2009-10-28,8.985,9.004,8.749,8.779,80512.810
2009-10-29,8.651,8.926,8.632,8.828,63332.270
2009-10-30,8.700,8.916,8.661,8.779,59701.300
2009-11-02,8.975,9.024,8.337,8.543,76259.940
2009-11-03,9.171,9.171,8.936,8.985,97867.270
2009-11-04,9.181,9.308,9.122,9.220,100600.060
2009-11-05,9.318,9.387,9.132,9.200,104451.680
2009-11-06,9.328,9.563,9.289,9.397,109918.850
2009-11-09,9.661,9.887,9.397,9.397,141899.530
2009-11-10,9.652,9.838,9.593,9.691,103843.940
2009-11-11,9.858,9.907,9.583,9.740,114109.280
2009-11-12,10.064,10.377,9.838,9.858,165922.620
2009-11-13,10.171,10.446,9.858,10.152,128373.890
2009-11-16,10.211,10.387,10.103,10.319,133157.270
2009-11-18,10.171,10.495,10.083,10.299,121252.910
2009-11-19,10.662,10.740,10.113,10.152,220980.570
2009-11-20,10.377,11.309,10.348,11.162,453611.620
2009-11-23,10.250,10.279,9.907,10.034,304347.460
2009-11-24,9.652,10.319,9.603,10.201,237546.140
2009-11-25,9.926,9.975,9.514,9.524,133676.390
2009-11-26,9.907,10.093,9.710,9.936,172041.600
2009-11-27,9.485,9.907,9.397,9.809,91191.430
2009-11-30,9.867,9.936,9.465,9.465,88714.330
2009-12-01,10.073,10.132,9.760,9.867,118721.210
2009-12-02,10.299,10.348,10.015,10.083,195262.470
2009-12-03,10.191,10.338,10.015,10.299,123366.760
2009-12-04,9.848,10.299,9.681,10.113,157904.510
2009-12-07,10.005,10.083,9.848,9.848,78025.810
2009-12-08,10.093,10.142,9.907,10.103,76349.070
2009-12-09,9.975,10.201,9.916,10.044,73721.420
2009-12-10,10.515,10.544,10.005,10.005,203228.500
2009-12-11,10.299,10.456,10.211,10.427,119381.940
2009-12-14,10.122,10.358,9.936,10.260,71258.580
2009-12-15,10.230,10.358,10.024,10.103,71574.490
2009-12-16,10.544,10.672,10.034,10.250,206014.050
2009-12-17,10.162,10.662,10.152,10.603,92447.390
2009-12-18,10.015,10.328,10.005,10.054,86361.980
2009-12-21,10.171,10.240,10.005,10.015,46450.040
2009-12-22,9.505,10.289,9.416,10.201,75438.070
2009-12-23,9.603,9.730,9.377,9.475,52989.640
2009-12-24,9.966,10.005,9.554,9.661,45118.650
2009-12-25,10.005,10.201,9.789,9.975,52269.510
2009-12-28,10.083,10.162,10.015,10.024,47170.230
2009-12-29,10.103,10.260,10.034,10.103,54360.940
2009-12-30,10.368,10.456,10.064,10.103,109423.680
2009-12-31,10.279,10.446,10.201,10.397,54333.950
2010-01-04,10.113,10.397,10.083,10.279,56045.740
2010-01-05,10.221,10.250,10.034,10.083,46877.100
2010-01-06,10.270,10.348,10.103,10.221,70582.750
2010-01-07,10.230,10.446,10.103,10.270,96008.330
2010-01-08,10.044,10.201,9.828,10.162,60482.880
2010-01-11,10.103,10.162,9.907,10.054,50879.020
2010-01-12,10.485,10.495,10.181,10.250,140006.140
2010-01-13,10.309,10.476,10.181,10.279,93492.920
2010-01-14,10.966,10.986,10.211,10.319,206381.470
2010-01-15,10.878,11.280,10.721,11.015,193864.880
2010-01-18,11.182,11.221,10.799,10.917,108968.910
2010-01-19,11.172,11.545,11.084,11.221,102129.130
2010-01-20,10.799,11.339,10.583,11.211,114934.120
2010-01-21,11.103,11.123,10.642,10.789,83882.830
2010-01-22,10.897,11.123,10.593,10.907,75362.070
2010-01-25,10.485,10.966,10.446,10.691,53061.450
2010-01-26,9.995,10.632,9.907,10.544,74719.360
2010-01-27,9.858,10.103,9.809,10.005,44380.180
2010-01-28,9.926,10.044,9.809,9.887,34402.710
2010-01-29,9.956,10.132,9.818,9.926,28521.730
2010-02-01,9.642,10.073,9.475,9.956,47779.300
2010-02-02,9.622,9.867,9.583,9.710,32986.830
2010-02-03,9.995,10.005,9.593,9.779,47295.300
2010-02-04,9.946,10.093,9.828,9.995,40183.790
2010-02-05,9.710,9.828,9.475,9.799,53691.350
2010-02-08,9.671,9.887,9.514,9.632,31774.970
2010-02-09,9.720,9.789,9.642,9.681,20707.210
2010-02-10,9.799,9.867,9.661,9.769,19364.310
2010-02-11,9.818,9.867,9.740,9.750,23344.050
2010-02-12,10.181,10.201,9.809,9.809,45406.320
2010-02-22,9.975,10.132,9.975,10.103,24270.070
2010-02-23,9.926,10.015,9.760,9.975,25858.760
2010-02-24,10.132,10.162,9.818,9.926,58584.730
2010-02-25,10.387,10.417,10.093,10.142,60232.460
2010-02-26,10.358,10.466,10.279,10.427,37350.800
2010-03-01,10.485,10.672,10.279,10.485,70273.820
2010-03-02,10.407,10.652,10.299,10.515,53997.190
2010-03-03,10.534,10.544,10.279,10.485,51418.570
2010-03-04,10.005,10.613,9.936,10.593,69306.110
2010-03-05,10.005,10.162,9.916,10.103,42081.880
2010-03-08,10.015,10.103,9.956,10.034,30499.310
2010-03-09,9.956,10.034,9.828,9.956,36570.540
2010-03-10,9.809,9.985,9.691,9.985,44515.270
2010-03-11,9.720,9.867,9.710,9.818,30779.730
2010-03-12,9.691,9.828,9.661,9.760,26668.700
2010-03-15,9.583,9.750,9.534,9.750,21175.360
2010-03-16,9.740,9.750,9.603,9.612,17478.140
2010-03-17,9.907,9.946,9.730,9.760,31704.080
2010-03-18,9.887,9.956,9.769,9.926,27857.420
2010-03-19,9.897,9.956,9.867,9.926,23049.100
2010-03-22,9.985,10.005,9.907,9.926,38847.220
2010-03-23,10.191,10.270,9.936,9.985,87140.790
2010-03-24,9.985,10.201,9.897,10.083,70634.290
2010-03-25,9.612,9.975,9.593,9.975,63212.300
2010-03-26,9.710,9.799,9.495,9.603,39889.330
2010-03-29,9.838,9.897,9.661,9.789,54950.740
2010-03-30,9.720,9.858,9.544,9.838,74547.230
2010-03-31,10.103,10.201,9.661,9.661,129630.560
2010-04-01,10.270,10.534,10.005,10.093,143580.590
2010-04-02,10.309,10.495,10.201,10.299,83666.620
2010-04-06,10.240,10.348,10.171,10.338,44999.000
2010-04-07,10.132,10.240,9.966,10.211,55130.000
2010-04-08,10.348,10.476,10.005,10.054,95317.850
2010-04-09,10.338,10.534,10.250,10.328,65289.030
2010-04-12,10.564,10.574,10.319,10.446,77868.850
2010-04-13,10.583,10.672,10.103,10.672,108137.770
2010-04-14,11.643,11.643,10.446,10.574,260955.520
2010-04-15,12.133,12.388,11.790,12.388,422949.720
2010-04-16,12.025,12.192,11.770,11.878,168333.110
2010-04-19,11.358,12.114,11.192,11.819,146267.200
2010-04-20,11.358,11.535,10.946,11.339,117088.950
2010-04-21,11.819,11.868,11.241,11.427,115596.480
2010-04-22,11.966,12.300,11.535,11.672,139452.600
2010-04-23,11.908,12.320,11.878,11.878,93556.940
2010-04-26,11.604,12.045,11.407,11.908,135519.680
2010-04-28,11.525,11.682,10.946,10.986,96268.030
2010-04-29,11.221,11.672,11.221,11.525,53241.030
2010-04-30,10.593,11.299,10.397,11.172,76271.010
2010-05-04,10.642,10.848,10.299,10.495,37609.730
2010-05-05,11.084,11.113,10.348,10.348,62499.950
2010-05-06,10.770,11.084,10.711,11.015,48582.180
2010-05-07,10.525,10.789,10.201,10.201,42798.190
2010-05-10,10.270,10.682,10.015,10.515,32763.040
2010-05-11,9.465,10.525,9.240,10.505,63228.590
2010-05-12,9.289,9.632,8.808,9.308,51538.070
2010-05-13,9.377,9.436,9.044,9.171,33132.410
2010-05-14,9.377,9.485,9.122,9.357,44628.410
2010-05-17,8.435,9.318,8.435,9.220,50983.050
2010-05-18,8.298,8.514,7.729,8.386,56847.570
2010-05-19,8.092,8.288,7.876,8.229,33671.920
2010-05-20,8.102,8.278,7.896,7.994,50177.320
2010-05-21,8.455,8.533,7.700,7.827,65956.110
2010-05-24,8.681,8.818,8.377,8.484,60556.440
2010-05-25,8.377,8.622,8.288,8.622,49350.700
2010-05-26,8.759,8.926,8.357,8.377,71327.160
2010-05-27,9.083,9.142,8.612,8.651,73059.020
2010-05-28,9.171,9.338,8.936,9.200,55252.190
2010-05-31,8.857,9.161,8.828,9.112,37496.210
2010-06-01,9.122,9.220,8.632,8.847,44207.170
2010-06-02,9.367,9.524,8.994,8.994,57319.250
2010-06-03,9.171,9.485,9.142,9.397,37059.570
2010-06-04,9.200,9.308,9.014,9.171,24591.630
2010-06-07,9.279,9.603,8.857,9.053,27935.110
2010-06-08,9.171,9.357,9.073,9.181,22802.150
2010-06-09,9.240,9.308,9.151,9.151,27183.520
2010-06-10,9.446,9.760,9.191,9.249,44650.230
2010-06-11,9.367,9.583,9.357,9.514,15557.080
2010-06-17,9.102,9.514,9.093,9.465,27875.020
2010-06-21,9.112,9.181,8.739,8.828,22172.940
2010-06-22,9.132,9.132,8.877,9.034,30176.120
2010-06-23,9.053,9.122,8.926,8.926,12124.510
2010-06-24,9.053,9.171,8.975,8.975,13949.050
2010-06-25,8.936,9.112,8.906,8.994,10718.030
2010-06-28,8.769,9.014,8.700,9.004,8858.530
2010-06-29,8.141,8.847,8.004,8.710,34024.340
2010-06-30,7.965,8.151,7.798,8.072,15082.630
2010-07-01,7.945,8.063,7.896,7.955,10995.060
2010-07-02,7.974,8.122,7.553,7.955,20216.270
2010-07-05,7.778,7.945,7.572,7.945,9554.080
2010-07-06,8.023,8.043,7.719,7.945,13810.160
2010-07-07,8.033,8.122,7.945,8.004,11944.700
2010-07-08,7.798,8.112,7.759,8.043,13981.500
2010-07-09,8.023,8.043,7.651,7.827,22776.000
2010-07-12,8.210,8.269,7.945,8.033,23004.000
2010-07-13,8.357,8.377,8.023,8.210,25809.720
2010-07-14,8.347,8.426,8.239,8.337,24132.550
2010-07-15,8.043,8.337,7.994,8.239,15520.200
2010-07-16,7.955,8.043,7.847,8.043,12844.380
2010-07-19,8.249,8.288,7.700,7.955,15709.270
2010-07-20,8.632,8.661,8.131,8.239,34096.860
2010-07-21,8.887,9.122,8.337,8.533,85819.190
2010-07-22,8.730,8.828,8.533,8.730,41630.470
2010-07-23,8.573,8.759,8.435,8.730,34131.720
2010-07-26,8.612,8.641,8.484,8.533,29185.800
2010-07-27,8.553,8.622,8.416,8.592,33552.550
2010-07-28,8.690,8.779,8.396,8.533,60491.730
2010-07-29,8.798,8.965,8.641,8.641,70198.050
2010-07-30,8.700,8.808,8.583,8.779,32570.090
2010-08-02,8.867,8.906,8.592,8.641,46827.990
2010-08-03,8.524,9.102,8.435,9.073,79307.170
2010-08-04,8.563,8.710,8.435,8.533,59103.900
2010-08-05,8.749,9.004,8.622,8.720,93530.480
2010-08-06,8.936,8.955,8.632,8.710,69548.930
2010-08-09,9.083,9.093,8.877,8.936,63264.000
2010-08-10,8.867,9.230,8.828,9.034,69678.550
2010-08-11,8.955,8.975,8.749,8.779,45063.230
2010-08-12,8.700,8.955,8.690,8.857,43352.090
2010-08-13,8.985,9.004,8.700,8.759,48567.280
2010-08-16,9.151,9.210,9.034,9.034,73317.280
2010-08-17,9.230,9.387,9.063,9.161,62537.430
2010-08-19,9.230,9.367,9.122,9.259,73474.850
2010-08-20,8.994,9.259,8.916,9.191,59962.120
2010-08-23,9.034,9.083,8.926,9.014,34363.980
2010-08-24,9.093,9.200,8.838,9.014,55060.720
2010-08-25,8.926,9.269,8.916,9.112,75031.020
2010-08-26,8.916,8.985,8.838,8.926,35087.000
2010-08-27,8.857,8.906,8.720,8.877,39471.000
2010-08-30,8.965,8.975,8.838,8.887,51321.000
2010-08-31,8.838,8.936,8.730,8.926,59091.000
2010-09-01,8.730,8.955,8.641,8.838,54570.000
2010-09-02,8.916,8.926,8.700,8.818,50928.000
2010-09-03,8.808,8.975,8.710,8.906,47271.000
2010-09-06,8.994,9.161,8.730,8.808,88732.000
2010-09-07,9.044,9.093,8.847,9.004,42494.000
2010-09-08,9.191,9.269,8.916,8.965,79886.000
2010-09-09,8.955,9.279,8.926,9.181,79099.000
2010-09-10,9.200,9.230,8.877,8.955,71460.000
2010-09-13,9.544,9.642,9.102,9.210,124540.000
2010-09-14,9.603,9.887,9.485,9.534,97686.000
2010-09-15,9.622,9.799,9.426,9.612,82602.000
2010-09-16,9.799,9.858,9.534,9.622,125893.000
2010-09-17,9.710,10.270,9.475,9.887,136315.000
2010-09-20,9.151,9.661,9.122,9.661,74237.000
2010-09-21,9.171,9.230,8.847,9.161,53919.000
2010-09-27,9.318,9.416,9.063,9.181,56306.000
2010-09-28,9.289,9.426,9.181,9.318,43905.000
2010-09-29,9.024,9.328,8.877,9.230,54419.000
2010-09-30,9.063,9.132,8.847,8.916,26752.000
2010-10-08,9.249,9.357,9.053,9.053,53890.000
2010-10-11,9.455,9.760,9.279,9.563,154782.000
2010-10-12,9.495,9.593,9.289,9.465,90496.000
2010-10-13,9.387,9.495,9.308,9.495,92915.000
2010-10-14,9.073,9.465,8.985,9.416,96283.000
2010-10-15,9.249,9.318,8.926,8.985,78298.000
2010-10-18,9.593,10.054,9.220,9.377,210718.000
2010-10-19,10.073,10.083,9.426,9.554,188322.000
2010-10-20,9.936,10.240,9.769,9.769,164167.000
2010-10-21,9.858,10.132,9.691,9.956,96845.000
2010-10-22,9.818,9.936,9.603,9.887,95540.000
2010-10-25,10.024,10.103,9.730,9.779,106676.000
2010-10-26,9.867,10.064,9.720,10.024,102197.000
2010-10-27,9.671,9.897,9.622,9.818,71241.000
2010-10-28,9.465,9.769,9.338,9.671,95072.000
2010-10-29,9.573,9.661,9.230,9.465,90295.000
2010-11-01,9.671,9.779,9.505,9.505,106371.000
2010-11-02,10.171,10.191,9.612,9.710,210569.000
2010-11-03,9.985,10.279,9.887,10.132,164240.000
2010-11-04,10.191,10.387,9.887,9.907,141010.000
2010-11-05,10.113,10.270,10.044,10.201,105429.000
2010-11-08,10.672,10.946,10.103,10.103,194470.000
2010-11-09,10.623,10.789,10.505,10.789,92818.000
2010-11-10,10.711,10.731,10.456,10.642,95062.000
2010-11-11,10.407,11.162,10.397,10.642,126601.000
2010-11-15,9.946,9.956,9.495,9.818,119254.000
2010-11-16,9.289,9.897,9.220,9.887,101934.000
2010-11-17,9.014,9.514,8.926,9.279,53572.000
2010-11-18,9.132,9.269,8.926,9.220,45800.000
2010-11-19,9.367,9.406,9.073,9.132,50920.000
2010-11-22,10.083,10.270,9.230,9.230,132918.000
2010-11-23,10.191,10.377,9.612,9.956,160651.000
2010-11-24,10.073,10.368,9.897,10.005,102239.000
2010-11-25,10.015,10.064,9.818,10.064,60932.000
2010-11-26,9.730,9.985,9.671,9.985,48903.000
2010-11-29,9.769,9.828,9.642,9.740,29811.000
2010-11-30,9.318,9.809,9.093,9.769,51953.000
2010-12-01,9.348,9.495,9.171,9.338,29326.000
2010-12-02,9.279,9.554,9.230,9.514,34042.000
2010-12-03,9.210,9.367,9.122,9.357,25291.000
2010-12-06,9.004,9.289,8.926,9.249,32697.000
2010-12-07,8.994,9.004,8.632,8.975,34196.000
2010-12-08,8.936,9.024,8.877,8.994,26502.000
2010-12-09,8.769,8.975,8.749,8.936,21298.000
2010-12-10,8.838,8.877,8.690,8.769,30009.000
2010-12-13,9.024,9.073,8.857,8.877,38780.000
2010-12-14,9.063,9.073,8.955,9.044,36630.000
2010-12-15,8.985,9.122,8.975,9.024,44607.000
2010-12-16,8.906,9.053,8.867,8.985,32732.000
2010-12-17,9.093,9.191,8.896,8.936,45996.000
2010-12-20,8.945,9.200,8.710,9.122,38705.000
2010-12-21,9.063,9.063,8.906,8.945,28293.000
2010-12-22,8.955,9.102,8.906,9.063,28737.000
2010-12-23,8.926,9.132,8.887,8.994,30277.000
2010-12-24,8.749,8.985,8.730,8.936,26394.000
2010-12-27,8.435,8.877,8.357,8.788,42384.000
2010-12-28,8.386,8.475,8.190,8.435,25971.000
2010-12-29,9.230,9.230,8.337,8.337,139383.000
2011-01-27,8.730,8.828,8.308,8.308,191638.000
2011-01-28,8.504,8.651,8.347,8.651,93188.000
2011-01-31,8.838,8.906,8.455,8.455,102299.000
2011-02-01,8.661,8.896,8.612,8.847,51180.000
2011-02-09,8.494,8.612,8.455,8.583,38425.000
2011-02-10,8.720,8.730,8.435,8.435,40036.000
2011-02-11,8.749,8.779,8.612,8.690,54407.000
2011-02-14,9.122,9.161,8.759,8.808,108454.000
2011-02-15,9.053,9.318,8.985,9.112,96594.000
2011-02-16,9.181,9.210,9.024,9.044,55167.000
2011-02-17,9.240,9.259,9.073,9.181,58428.000
2011-02-18,9.063,9.249,9.034,9.200,40051.000
2011-02-21,9.387,9.416,9.063,9.151,81057.000
2011-02-22,9.093,9.377,9.024,9.377,62596.000
2011-02-23,9.416,9.632,9.220,9.416,88728.000
2011-02-24,9.612,9.652,9.240,9.289,90868.000
2011-02-25,9.603,9.710,9.465,9.612,47001.000
2011-02-28,9.603,9.652,9.495,9.573,36369.000
2011-03-01,9.593,9.661,9.475,9.603,54574.000
2011-03-02,9.789,9.858,9.524,9.554,96323.000
2011-03-03,9.524,9.848,9.514,9.710,48605.000
2011-03-04,9.642,9.691,9.505,9.505,39100.000
2011-03-07,9.769,9.848,9.612,9.691,67398.000
2011-03-08,9.936,9.946,9.661,9.809,69304.000
2011-03-09,10.054,10.221,9.809,9.936,103096.000
2011-03-10,9.926,10.201,9.907,10.005,64524.000
2011-03-11,9.907,10.064,9.818,9.877,52864.000
2011-03-14,10.162,10.250,9.867,9.907,87483.000
2011-03-15,10.211,10.279,9.848,10.083,100223.000
2011-03-16,10.260,10.377,10.122,10.191,87680.000
2011-03-17,10.397,10.819,10.162,10.201,127706.000
2011-03-18,11.084,11.329,10.377,10.397,238291.000
2011-03-21,10.976,11.133,10.691,10.986,128259.000
2011-03-22,11.388,11.456,10.574,10.888,185340.000
2011-03-23,11.280,11.633,11.143,11.231,142732.000
2011-03-24,11.996,12.388,11.172,11.211,258750.000
2011-03-25,13.193,13.193,11.937,12.045,444850.000
2011-03-28,14.262,14.517,13.261,13.536,585758.000
2011-03-29,12.849,14.134,12.839,13.281,527986.000
2011-03-30,12.839,12.947,12.221,12.839,351500.000
2011-03-31,12.025,12.712,11.868,12.624,264236.000
2011-04-01,12.153,12.241,11.790,11.947,196216.000
2011-04-06,12.231,12.339,11.898,12.065,186893.000
2011-04-07,12.594,12.633,11.966,12.251,247219.000
2011-04-08,13.536,13.791,12.418,12.457,355776.000
2011-04-11,13.654,14.507,13.546,13.683,375844.000
2011-04-12,14.105,14.321,13.271,13.801,294961.000
2011-04-13,13.477,14.016,13.418,13.536,154100.000
2011-04-14,13.761,14.007,13.045,13.477,225117.000
2011-04-15,13.850,14.026,13.399,13.614,188097.000
2011-04-18,14.321,14.370,13.614,13.732,201788.000
2011-04-19,13.801,14.605,13.634,14.173,169948.000
2011-04-20,13.595,13.909,13.271,13.614,129502.000
2011-04-22,13.810,14.164,13.595,13.595,165840.000
2011-04-25,12.820,13.840,12.457,13.840,134738.000
2011-04-26,12.535,12.741,12.261,12.653,81601.000
2011-04-27,12.467,12.839,12.261,12.702,61441.000
2011-04-28,12.849,13.389,12.555,12.653,134975.000
2011-04-29,13.232,13.340,12.506,12.751,91981.000
2011-05-03,13.546,13.575,12.849,13.212,96722.000
2011-05-04,13.271,13.791,13.016,13.634,106120.000
2011-05-05,13.193,13.506,12.869,13.330,53742.000
2011-05-06,13.457,13.634,12.653,13.045,101501.000
2011-05-09,13.546,14.311,13.438,13.634,145072.000
2011-05-10,14.899,14.899,13.536,13.712,298464.000
2011-05-11,15.625,16.135,14.811,15.448,563688.000
2011-05-12,15.900,16.635,15.154,15.282,522720.000
2011-05-13,15.851,16.027,15.223,15.743,314897.000
2011-05-16,15.723,16.321,15.409,15.851,251535.000
2011-05-17,14.173,15.635,14.154,15.625,312492.000
2011-05-18,13.918,14.389,13.693,13.918,185708.000
2011-05-19,14.321,14.438,13.977,13.977,156247.000
2011-05-20,14.105,14.428,13.928,14.134,96100.000
2011-05-23,13.340,14.605,13.310,14.105,188158.000
2011-05-24,13.408,13.673,12.692,13.163,149534.000
2011-05-25,12.928,13.516,12.800,13.418,120642.000
2011-05-26,12.888,13.281,12.790,13.045,98067.000
2011-05-27,11.653,12.869,11.623,12.869,144504.000
2011-05-30,11.653,11.957,11.280,11.407,90133.000
2011-05-31,12.310,12.516,12.006,12.016,159345.000
2011-06-01,12.486,12.692,11.790,12.114,136423.000
2011-06-02,12.025,12.241,11.672,12.231,115667.000
2011-06-03,12.526,12.702,11.888,12.006,142286.000
2011-06-07,12.624,12.692,12.339,12.535,103598.000
2011-06-08,12.633,12.712,12.163,12.604,98833.000
2011-06-09,11.908,12.535,11.849,12.535,112567.000
2011-06-10,11.927,11.986,11.476,11.770,79712.000
2011-06-13,12.231,12.310,11.721,12.065,82459.000
2011-06-14,12.310,12.506,12.074,12.182,84745.000
2011-06-15,12.035,12.408,11.966,12.182,64925.000
2011-06-16,11.643,11.878,11.574,11.819,65289.000
2011-06-17,11.427,11.829,11.427,11.574,47991.000
2011-06-20,11.093,11.447,10.691,11.290,79956.000
2011-06-21,11.231,11.241,10.721,11.133,70676.000
2011-06-22,11.123,11.250,10.966,11.231,44868.000
2011-06-23,11.662,11.917,10.995,11.084,106768.000
2011-06-24,11.819,12.016,11.407,11.407,123713.000
2011-06-27,11.966,12.114,11.790,11.888,104966.000
2011-06-28,12.045,12.104,11.790,11.917,78140.000
2011-06-29,11.613,12.025,11.604,11.957,88847.000
2011-06-30,11.878,11.917,11.515,11.525,63545.000
2011-07-01,12.241,12.427,11.819,11.966,140571.000
2011-07-04,12.457,12.516,12.133,12.271,129654.000
2011-07-05,12.682,12.712,12.320,12.486,135751.000
2011-07-06,13.948,13.948,12.467,12.663,415124.000
2011-07-07,13.604,13.997,13.438,13.850,347568.000
2011-07-08,13.359,13.663,13.173,13.536,145256.000
2011-07-11,13.487,13.663,13.242,13.320,126635.000
2011-07-12,13.232,13.477,13.065,13.359,108579.000
2011-07-13,13.654,13.673,13.251,13.251,116191.000
2011-07-14,13.536,13.909,13.399,13.791,129882.000
2011-07-15,13.497,13.555,13.349,13.399,95063.000
2011-07-18,13.987,14.438,13.418,13.526,200865.000
2011-07-19,13.526,13.948,13.477,13.840,115025.000
2011-07-20,13.261,13.634,13.104,13.595,88755.000
2011-07-21,13.163,13.399,13.143,13.281,52405.000
2011-07-22,13.349,13.389,13.153,13.163,54125.000
2011-07-25,12.839,13.281,12.359,13.281,102729.000
2011-07-26,12.722,13.094,12.653,12.947,56674.000
2011-07-27,12.869,12.918,12.457,12.702,55488.000
2011-07-28,12.477,12.751,12.310,12.751,59552.000
2011-07-29,12.202,12.643,12.163,12.545,50127.000
2011-08-01,12.506,12.673,12.251,12.261,67548.000
2011-08-02,12.221,12.437,11.927,12.408,55834.000
2011-08-03,12.114,12.251,11.966,11.986,35583.000
2011-08-04,12.692,12.712,12.172,12.251,81890.000
2011-08-05,12.349,12.624,12.114,12.300,79257.000
2011-08-08,11.201,12.114,11.113,12.094,105584.000
2011-08-09,11.201,11.358,10.456,10.642,86833.000
2011-08-10,11.290,11.643,11.221,11.427,61658.000
2011-08-11,11.339,11.378,10.848,10.907,48492.000
2011-08-12,11.476,11.623,11.378,11.466,58514.000
2011-08-15,11.692,11.711,11.358,11.555,59092.000
2011-08-16,11.496,11.751,11.427,11.672,46547.000
2011-08-17,11.878,12.035,11.349,11.476,76413.000
2011-08-18,11.839,12.074,11.623,11.819,131143.000
2011-08-19,11.927,12.114,11.388,11.466,122431.000
2011-08-22,11.672,12.359,11.662,11.868,88226.000
2011-08-23,11.574,11.770,11.349,11.672,69583.000
2011-08-24,11.466,11.839,11.456,11.662,47203.000
2011-08-25,11.702,11.751,11.417,11.555,49601.000
2011-08-26,11.672,11.741,11.486,11.604,51548.000
2011-08-29,11.378,11.643,11.358,11.555,48152.000
2011-08-30,11.192,11.515,11.123,11.466,45401.000
2011-08-31,11.054,11.260,10.888,11.260,34456.000
2011-09-01,10.976,11.221,10.917,11.064,30139.000
2011-09-02,10.770,11.044,10.652,10.937,37362.000
2011-09-05,10.309,10.770,10.250,10.770,34659.000
2011-09-06,10.201,10.348,10.083,10.201,26152.000
2011-09-07,10.574,10.642,10.289,10.299,41288.000
2011-09-08,10.456,10.750,10.427,10.603,32130.000
2011-09-09,10.270,10.554,10.250,10.476,22538.000
2011-09-13,10.044,10.201,9.877,10.201,28919.000
2011-09-14,10.240,10.240,10.005,10.015,21073.000
2011-09-15,10.387,10.397,10.113,10.201,36741.000
2011-09-16,10.397,10.770,10.377,10.407,25703.000
2011-09-19,10.083,10.348,10.064,10.348,16766.000
2011-09-20,10.181,10.230,10.015,10.015,10837.000
2011-09-21,10.848,11.074,10.113,10.181,63582.000
2011-09-22,10.632,10.819,10.564,10.691,57186.000
2011-09-23,10.574,10.966,10.407,10.495,104547.000
2011-09-26,10.201,10.652,10.191,10.495,38749.000
2011-09-27,10.544,10.652,10.122,10.358,30250.000
2011-09-28,10.221,10.632,10.181,10.525,72737.000
2011-09-29,9.681,10.103,9.661,10.103,42332.000
2011-09-30,9.818,9.848,9.514,9.779,27975.000
2011-10-10,9.730,9.926,9.652,9.818,18342.000
2011-10-11,9.828,10.103,9.710,9.867,33411.000
2011-10-12,10.191,10.240,9.632,9.799,45242.000
2011-10-13,10.848,10.946,10.083,10.152,144188.000
2011-10-14,10.525,10.750,10.446,10.672,68498.000
2011-10-17,10.701,10.780,10.397,10.593,53978.000
2011-10-18,10.260,10.829,10.201,10.515,50332.000
2011-10-19,10.005,10.377,9.887,10.279,45029.000
2011-10-20,9.916,9.936,9.769,9.877,24331.000
2011-10-21,9.809,9.985,9.769,9.916,17525.000
2011-10-24,9.907,10.005,9.661,9.828,42406.000
2011-10-25,10.191,10.279,9.916,9.916,47857.000
2011-10-26,10.171,10.407,10.064,10.103,59716.000
2011-10-27,10.309,10.525,10.171,10.171,63061.000
2011-10-28,10.485,10.544,10.221,10.387,89982.000
2011-10-31,10.456,10.544,10.309,10.485,52884.000
2011-11-01,10.456,10.485,10.181,10.299,53153.000
2011-11-02,11.044,11.093,10.328,10.397,238591.000
2011-11-03,10.888,11.201,10.809,10.878,135807.000
2011-11-04,11.103,11.358,10.937,10.937,121646.000
2011-11-07,11.005,11.280,10.946,11.103,84356.000
2011-11-08,10.838,11.113,10.799,10.986,48813.000
2011-11-09,11.035,11.044,10.711,10.868,46533.000
2011-11-10,11.192,11.329,10.809,10.937,98702.000
2011-11-11,11.025,11.241,10.937,11.133,44916.000
2011-11-14,11.378,11.437,11.084,11.192,73628.000
2011-11-15,11.770,11.819,11.368,11.378,131600.000
2011-11-16,11.476,11.760,11.378,11.760,78043.000
2011-11-17,11.555,11.672,11.427,11.476,57018.000
2011-11-21,10.986,11.260,10.829,11.260,44742.000
2011-11-22,10.780,11.005,10.593,10.937,35798.000
2011-11-23,10.917,11.143,10.691,10.691,41522.000
2011-11-24,10.868,11.005,10.760,10.799,20642.000
2011-11-25,10.878,11.044,10.809,10.917,20525.000
2011-11-28,10.897,11.015,10.770,10.917,25206.000
2011-11-29,11.074,11.084,10.917,10.995,27919.000
2011-11-30,10.603,11.260,10.544,11.064,48033.000
2011-12-01,10.829,11.162,10.740,11.093,44402.000
2011-12-02,10.299,10.809,10.240,10.623,31886.000
2011-12-05,10.044,10.328,9.809,10.279,23751.000
2011-12-06,10.044,10.152,9.858,9.926,13315.000
2011-12-07,10.103,10.191,9.995,10.073,12485.000
2011-12-08,10.132,10.250,9.956,10.103,13312.000
2011-12-09,10.093,10.171,9.975,10.103,8070.000
2011-12-12,9.867,10.093,9.838,10.005,9933.000
2011-12-13,9.465,9.867,9.426,9.838,10854.000
2011-12-14,8.838,9.102,8.730,8.994,16910.000
2011-12-15,8.681,8.808,8.367,8.759,15447.000
2011-12-16,9.044,9.063,8.641,8.651,20526.000
2011-12-19,9.357,9.367,8.808,9.044,27884.000
2011-12-21,9.014,9.455,9.004,9.308,17935.000
2011-12-22,8.896,9.289,8.690,9.289,21317.000
2011-12-23,9.161,9.210,8.749,8.945,28524.000
2011-12-26,8.936,9.181,8.828,9.024,9550.000
2011-12-27,8.818,9.053,8.808,8.916,13835.000
2011-12-28,8.690,8.818,8.337,8.710,16380.000
2011-12-29,8.504,8.749,8.435,8.632,12383.000
2011-12-30,8.690,8.739,8.524,8.524,15345.000
2012-01-04,8.700,8.906,8.622,8.828,12482.000
2012-01-05,9.044,9.083,8.602,8.641,33913.000
2012-01-06,9.455,9.495,8.828,9.053,46734.000
2012-01-09,9.514,9.612,9.200,9.328,34570.000
2012-01-10,9.691,9.867,9.436,9.495,38996.000
2012-01-11,9.544,9.740,9.485,9.622,20415.000
2012-01-12,9.563,9.887,9.475,9.524,19311.000
2012-01-13,9.308,9.554,9.073,9.475,19381.000
2012-01-17,9.701,9.750,9.034,9.034,22944.000
2012-01-18,9.710,9.809,9.475,9.799,31861.000
2012-01-19,9.701,10.024,9.505,9.622,28987.000
2012-01-20,9.603,9.789,9.573,9.593,18144.000
2012-01-30,9.603,9.740,9.514,9.632,8024.000
2012-01-31,9.603,9.681,9.505,9.661,8491.000
2012-02-01,9.426,9.652,9.416,9.603,12135.000
2012-02-02,9.720,9.760,9.367,9.465,18796.000
2012-02-03,9.809,9.946,9.603,9.661,26919.000
2012-02-06,9.740,9.867,9.671,9.710,16502.000
2012-02-07,9.583,9.750,9.485,9.750,11032.000
2012-02-08,9.936,9.956,9.524,9.534,34975.000
2012-02-09,9.828,10.181,9.809,10.152,54385.000
2012-02-10,9.897,9.907,9.769,9.818,21854.000
2012-02-13,9.956,10.024,9.750,9.809,26025.000
2012-02-14,9.848,9.946,9.779,9.907,21428.000
2012-02-15,10.015,10.044,9.760,9.789,27082.000
2012-02-16,10.250,10.299,9.966,10.015,48039.000
2012-02-17,9.995,10.289,9.946,10.250,29342.000
2012-02-20,10.093,10.171,9.975,10.093,31413.000
2012-02-21,10.358,10.593,10.132,10.279,72404.000
2012-02-22,10.407,10.476,10.211,10.289,41940.000
2012-02-23,10.525,10.564,10.230,10.397,48856.000
2012-02-24,10.564,10.603,10.348,10.495,51269.000
2012-02-27,10.623,10.750,10.476,10.593,53212.000
2012-02-28,10.770,10.819,10.456,10.564,71144.000
2012-02-29,10.937,11.054,10.652,10.740,70834.000
2012-03-01,11.241,11.515,10.917,10.937,103941.000
2012-03-02,11.290,11.417,11.182,11.329,82706.000
2012-03-05,11.662,11.849,11.241,11.290,75804.000
2012-03-06,11.398,11.917,11.378,11.653,85783.000
2012-03-07,11.143,11.584,11.093,11.192,62641.000
2012-03-08,11.250,11.368,11.143,11.221,35084.000
2012-03-09,11.682,11.721,11.231,11.231,53686.000
2012-03-12,11.633,11.800,11.486,11.721,44170.000
2012-03-13,11.633,11.800,11.555,11.643,34932.000
2012-03-14,10.799,11.770,10.691,11.672,85371.000
2012-03-15,11.054,11.133,10.750,10.838,64780.000
2012-03-16,11.564,11.564,11.035,11.054,68660.000
2012-03-19,11.839,11.976,11.505,11.574,71328.000
2012-03-20,11.682,11.966,11.623,11.927,60055.000
2012-03-21,12.045,12.104,11.584,11.760,89546.000
2012-03-22,11.927,12.320,11.908,12.065,120295.000
2012-03-23,11.711,11.937,11.535,11.849,59481.000
2012-03-26,11.290,11.780,11.172,11.751,63869.000
2012-03-27,10.848,11.594,10.750,11.299,49865.000
2012-03-28,10.456,10.780,10.132,10.770,63791.000
2012-03-29,10.152,10.397,10.005,10.397,31130.000
2012-03-30,10.181,10.250,9.966,10.103,29314.000
2012-04-05,10.505,10.544,10.201,10.279,34975.000
2012-04-06,10.495,10.623,10.348,10.505,30284.000
2012-04-09,10.152,10.505,10.113,10.505,35601.000
2012-04-10,9.809,10.054,9.612,10.034,81819.000
2012-04-11,10.005,10.103,9.583,9.612,34869.000
2012-04-12,10.073,10.142,9.936,10.103,29928.000
2012-04-13,10.368,10.476,10.073,10.073,61664.000
2012-04-16,10.073,10.358,10.044,10.309,46298.000
2012-04-17,9.887,10.230,9.710,10.093,37768.000
2012-04-18,10.122,10.201,9.887,9.907,36888.000
2012-04-19,10.544,10.789,10.113,10.122,77685.000
2012-04-20,10.623,10.760,10.338,10.485,45469.000
2012-04-23,10.701,11.035,10.544,10.623,48309.000
2012-04-24,10.583,10.809,10.299,10.593,43494.000
2012-04-25,10.789,10.917,10.446,10.652,33458.000
2012-04-26,10.721,10.966,10.623,10.789,24761.000
2012-04-27,10.740,10.789,10.623,10.731,13697.000
2012-05-02,10.740,10.986,10.603,10.917,27589.000
2012-05-03,10.672,10.829,10.436,10.691,28189.000
2012-05-04,10.613,10.888,10.515,10.780,17562.000
2012-05-07,10.799,10.868,10.446,10.476,36306.000
2012-05-08,10.652,10.888,10.554,10.799,26578.000
2012-05-09,10.476,10.799,10.446,10.603,26937.000
2012-05-10,10.515,10.662,10.476,10.554,20880.000
2012-05-11,10.358,10.574,10.358,10.564,17542.000
2012-05-14,10.211,10.485,10.171,10.368,31212.000
2012-05-15,10.054,10.122,9.907,10.122,13615.000
2012-05-17,9.936,10.073,9.809,10.005,37655.000
2012-05-18,9.809,9.975,9.769,9.877,17586.000
2012-05-21,9.907,9.946,9.818,9.818,10087.000
2012-05-22,9.985,10.132,9.956,10.005,21603.000
2012-05-23,10.054,10.083,9.916,9.995,11884.000
2012-05-24,9.858,10.054,9.818,10.054,12505.000
2012-05-25,9.848,10.201,9.809,9.877,16742.000
2012-05-28,9.760,9.838,9.505,9.809,16948.000
2012-05-29,9.838,9.995,9.710,9.789,21841.000
2012-05-30,10.024,10.103,9.789,9.838,25649.000
2012-05-31,9.926,10.005,9.828,9.966,15848.000
2012-06-01,9.750,9.926,9.720,9.897,18180.000
2012-06-04,9.328,9.632,9.230,9.612,29177.000
2012-06-05,9.308,9.455,9.220,9.446,16331.000
2012-06-06,9.299,9.505,9.259,9.318,11659.000
2012-06-07,9.299,9.416,9.220,9.416,12964.000
2012-06-08,9.544,9.563,9.240,9.377,15491.000
2012-06-11,9.652,9.661,9.455,9.544,11182.000
2012-06-12,9.485,9.681,9.455,9.593,11692.000
2012-06-13,9.632,9.691,9.387,9.524,20265.000
2012-06-14,9.779,10.005,9.514,9.632,32537.000
2012-06-15,9.622,9.809,9.514,9.779,17812.000
2012-06-18,9.710,9.779,9.534,9.622,14589.000
2012-06-19,9.563,9.710,9.524,9.710,11210.000
2012-06-20,9.416,9.622,9.416,9.554,10476.000
2012-06-21,9.171,9.485,9.122,9.465,19455.000
2012-06-25,8.936,9.171,8.926,9.132,7290.000
2012-06-26,8.896,8.936,8.730,8.936,9322.000
2012-06-27,8.838,8.994,8.818,8.896,9514.000
2012-06-28,8.651,8.906,8.641,8.906,11178.000
2012-06-29,8.896,8.916,8.553,8.632,11238.000
2012-07-02,9.053,9.122,8.877,8.916,26695.000
2012-07-03,8.995,9.073,8.778,8.946,17615.000
2012-07-04,8.739,9.034,8.739,8.995,9757.000
2012-07-05,8.444,8.768,8.414,8.749,13742.000
2012-07-06,8.601,8.690,8.375,8.375,9381.000
2012-07-09,8.375,8.719,8.365,8.611,11025.000
2012-07-10,8.050,8.493,8.020,8.463,13754.000
2012-07-11,8.099,8.129,7.991,8.050,8984.000
2012-07-12,8.099,8.139,7.981,8.070,16758.000
2012-07-13,7.902,8.119,7.893,8.080,14336.000
2012-07-16,7.460,8.040,7.430,7.952,18691.000
2012-07-17,7.647,7.745,7.430,7.460,12446.000
2012-07-18,7.765,7.833,7.361,7.656,15788.000
2012-07-19,7.755,7.824,7.558,7.706,18637.000
2012-07-20,8.532,8.532,8.158,8.158,39890.000
2012-07-23,8.198,8.650,7.991,8.650,44167.000
2012-07-24,8.158,8.168,7.991,8.070,26283.000
2012-07-25,7.932,8.158,7.902,8.148,15249.000
2012-07-26,7.755,7.991,7.725,7.991,17567.000
2012-07-27,7.696,7.942,7.430,7.765,17929.000
2012-07-30,7.755,7.853,7.479,7.578,14514.000
2012-07-31,7.971,8.119,7.617,7.725,23532.000
2012-08-01,8.040,8.207,7.902,7.932,19894.000
2012-08-02,8.050,8.109,7.922,7.942,9115.000
2012-08-03,8.306,8.316,8.020,8.119,28379.000
2012-08-06,8.503,8.513,8.207,8.394,26619.000
2012-08-07,8.453,8.532,8.335,8.404,22317.000
2012-08-08,8.424,8.572,8.365,8.424,15030.000
2012-08-09,8.503,8.572,8.217,8.365,21003.000
2012-08-10,8.680,8.788,8.444,8.444,20657.000
2012-08-13,8.365,8.650,8.365,8.562,17019.000
2012-08-14,8.355,8.404,8.168,8.404,13328.000
2012-08-15,8.237,8.562,8.178,8.316,11222.000
2012-08-16,8.227,8.365,8.217,8.365,12035.000
2012-08-17,8.237,8.365,8.168,8.227,7438.000
2012-08-20,8.463,8.709,8.276,8.306,20471.000
2012-08-21,8.552,8.640,8.385,8.463,10345.000
2012-08-22,8.493,8.699,8.394,8.699,8542.000
2012-08-23,8.532,8.631,8.414,8.513,10738.000
2012-08-24,8.326,8.591,8.316,8.542,10706.000
2012-08-27,8.070,8.266,8.040,8.266,7211.000
2012-08-28,8.070,8.542,8.001,8.060,12210.000
2012-08-29,8.070,8.129,8.050,8.070,5518.000
2012-08-30,7.902,8.099,7.597,7.922,7958.000
2012-08-31,7.893,8.050,7.784,7.784,4980.000
2012-09-03,7.824,7.991,7.706,7.774,11627.000
2012-09-04,7.824,7.971,7.774,7.833,7275.000
2012-09-05,7.853,7.873,7.725,7.735,7425.000
2012-09-06,7.873,7.942,7.774,7.833,6154.000
2012-09-07,8.139,8.266,7.873,7.873,18571.000
2012-09-10,8.365,8.483,8.089,8.148,21417.000
2012-09-11,8.227,8.355,8.129,8.355,13007.000
2012-09-12,8.296,8.306,8.198,8.237,9336.000
2012-09-13,8.217,8.355,8.217,8.266,7883.000
2012-09-14,8.109,8.365,8.030,8.276,12744.000
2012-09-17,7.873,8.227,7.873,8.099,12663.000
2012-09-18,7.902,7.961,7.696,7.873,6453.000
2012-09-19,7.912,7.971,7.794,7.853,7216.000
2012-09-20,7.765,8.148,7.745,7.922,14612.000
2012-09-21,7.755,7.942,7.706,7.942,7338.000
2012-09-24,7.853,7.853,7.479,7.745,12663.000
2012-09-25,7.774,7.912,7.755,7.774,11620.000
2012-09-26,7.627,7.863,7.617,7.853,4230.000
2012-09-27,7.735,7.774,7.578,7.578,7827.000
2012-09-28,7.873,7.883,7.686,7.735,8347.000
2012-10-08,7.814,7.922,7.774,7.873,6472.000
2012-10-09,7.961,8.001,7.824,7.863,13821.000
2012-10-10,8.011,8.030,7.902,7.902,10127.000
2012-10-11,8.237,8.355,8.011,8.011,28338.000
2012-10-12,8.217,8.365,8.080,8.266,13912.000
2012-10-15,8.070,8.316,7.991,8.306,10456.000
2012-10-16,8.089,8.158,8.020,8.119,7108.000
2012-10-17,8.070,8.119,8.030,8.089,3977.000
2012-10-18,8.266,8.316,8.070,8.070,13268.000
2012-10-19,8.424,8.444,8.168,8.326,24262.000
2012-10-22,8.266,8.394,8.168,8.394,18861.000
2012-10-23,8.139,8.306,8.129,8.247,9909.000
2012-10-24,8.148,8.227,8.030,8.099,8434.000
2012-10-25,8.040,8.207,8.020,8.119,9699.000
2012-10-26,8.050,8.247,8.001,8.050,11342.000
2012-10-29,7.942,8.050,7.676,8.050,6929.000
2012-10-30,7.961,7.981,7.843,7.932,4642.000
2012-10-31,7.961,7.971,7.824,7.873,3530.000
2012-11-01,8.030,8.050,7.961,7.961,7753.000
2012-11-02,8.030,8.109,7.883,8.080,6987.000
2012-11-05,7.991,8.109,7.971,8.060,11530.000
2012-11-06,7.952,8.040,7.863,7.971,8488.000
2012-11-07,8.001,8.020,7.912,7.952,6204.000
2012-11-08,7.853,7.971,7.833,7.971,5453.000
2012-11-09,7.843,7.922,7.794,7.824,4093.000
2012-11-12,8.178,8.207,7.873,7.873,24496.000
2012-11-13,8.099,8.178,7.991,8.178,8782.000
2012-11-14,7.961,8.129,7.863,8.099,10317.000
2012-11-15,7.725,7.961,7.725,7.961,6585.000
2012-11-16,7.696,7.814,7.676,7.686,5268.000
2012-11-19,7.725,7.755,7.578,7.676,2973.000
2012-11-20,7.784,7.843,7.676,7.774,4868.000
2012-11-21,7.804,7.853,7.686,7.824,4511.000
2012-11-22,7.745,7.824,7.676,7.824,5157.000
2012-11-23,7.755,7.833,7.706,7.745,5177.000
2012-11-26,7.627,7.824,7.607,7.824,5883.000
2012-11-27,7.450,7.637,7.420,7.637,8676.000
2012-11-28,7.292,7.489,7.263,7.391,7264.000
2012-11-29,7.184,7.420,7.036,7.292,7664.000
2012-11-30,7.253,7.332,7.046,7.174,4336.000
2012-12-03,7.066,7.253,7.056,7.233,5933.000
2012-12-04,7.095,7.164,6.928,6.967,6661.000
2012-12-05,7.302,7.381,6.987,7.076,15999.000
2012-12-06,7.164,7.302,7.135,7.302,7300.000
2012-12-07,7.312,7.332,7.066,7.145,10490.000
2012-12-10,7.391,7.430,7.312,7.322,10587.000
2012-12-11,7.371,7.420,7.332,7.351,7995.000
2012-12-12,7.292,7.420,7.233,7.420,10547.000
2012-12-13,7.174,7.312,7.076,7.312,5089.000
2012-12-14,7.391,7.430,7.135,7.164,13635.000
2012-12-17,7.499,7.578,7.341,7.400,13454.000
2012-12-18,7.548,7.755,7.430,7.469,17637.000
2012-12-19,7.784,7.833,7.489,7.499,20793.000
2012-12-20,7.912,7.942,7.627,7.765,40824.000
2012-12-21,7.706,8.030,7.676,7.883,37368.000
2012-12-24,7.666,7.706,7.597,7.676,10162.000
2012-12-25,7.814,7.961,7.578,7.627,30037.000
2012-12-26,7.784,7.824,7.715,7.824,27637.000
2012-12-27,7.774,7.814,7.666,7.794,20371.000
2012-12-28,8.148,8.227,7.676,7.735,38946.000
2012-12-31,8.129,8.217,7.981,8.168,27935.000
2013-01-04,7.961,8.227,7.853,8.148,25721.000
2013-01-07,7.902,7.991,7.824,7.961,24511.000
2013-01-08,7.932,7.952,7.755,7.912,18243.000
2013-01-09,8.257,8.345,7.873,7.912,61444.000
2013-01-10,8.404,8.532,8.109,8.198,72555.000
2013-01-11,8.129,8.394,8.060,8.394,34545.000
2013-01-14,8.227,8.316,8.030,8.168,37391.000
2013-01-15,8.385,8.453,8.237,8.286,45233.000
2013-01-16,8.562,8.778,8.306,8.394,54825.000
2013-01-17,8.444,8.581,8.414,8.581,23178.000
2013-01-18,8.513,8.562,8.424,8.562,25892.000
2013-01-21,8.631,8.778,8.473,8.532,29279.000
2013-01-22,8.562,8.739,8.483,8.660,25951.000
2013-01-23,8.355,8.562,8.188,8.473,29442.000
2013-01-24,8.158,8.424,8.070,8.316,26976.000
2013-01-25,8.385,8.404,8.129,8.158,18610.000
2013-01-28,8.513,8.532,8.335,8.414,16302.000
2013-01-29,8.434,8.631,8.385,8.513,27642.000
2013-01-30,8.296,8.513,8.237,8.463,20753.000
2013-01-31,8.296,8.404,8.247,8.296,15798.000
2013-02-01,8.335,8.335,8.207,8.296,14163.000
2013-02-04,8.080,8.345,8.050,8.345,30339.000
2013-02-05,8.099,8.148,7.932,8.070,16172.000
2013-02-06,8.257,8.296,8.060,8.099,17831.000
2013-02-07,8.522,8.581,8.158,8.247,31587.000
2013-02-08,8.581,8.749,8.444,8.444,32651.000
2013-02-18,8.542,8.631,8.483,8.611,21678.000
2013-02-19,8.365,8.601,8.326,8.572,16286.000
2013-02-20,8.355,8.444,8.247,8.365,29525.000
2013-02-21,8.168,8.316,8.060,8.316,20453.000
2013-02-22,8.227,8.286,8.089,8.178,19812.000
2013-02-25,8.247,8.286,8.188,8.188,16191.000
2013-02-26,8.129,8.276,8.099,8.227,13275.000
2013-02-27,8.178,8.247,8.109,8.168,14390.000
2013-02-28,8.247,8.276,8.148,8.178,17435.000
2013-03-01,8.375,8.463,8.168,8.257,29029.000
2013-03-04,8.276,8.513,8.148,8.345,28803.000
2013-03-05,8.316,8.326,8.168,8.266,13594.000
2013-03-06,8.394,8.434,8.296,8.316,23263.000
2013-03-07,8.326,8.513,8.276,8.394,19657.000
2013-03-08,8.178,8.394,8.139,8.355,20119.000
2013-03-11,8.188,8.237,8.089,8.178,16931.000
2013-03-12,7.922,8.257,7.853,8.217,19263.000
2013-03-13,7.833,8.011,7.755,7.922,16630.000
2013-03-14,7.952,8.020,7.735,7.774,21241.000
2013-03-15,7.961,8.050,7.853,8.001,11100.000
2013-03-18,7.558,7.952,7.391,7.942,23588.000
2013-03-19,7.548,7.607,7.400,7.548,12892.000
2013-03-20,7.696,7.765,7.528,7.548,14385.000
2013-03-21,7.755,7.843,7.666,7.686,19395.000
2013-03-22,7.765,7.961,7.706,7.725,9568.000
2013-03-25,7.745,7.922,7.706,7.706,9883.000
2013-03-26,7.617,7.745,7.519,7.745,11512.000
2013-03-27,7.617,7.706,7.578,7.578,7739.000
2013-03-28,7.469,7.647,7.410,7.647,11368.000
2013-03-29,7.460,7.607,7.332,7.607,11397.000
2013-04-01,7.410,7.528,7.381,7.430,12186.000
2013-04-02,7.410,7.479,7.400,7.479,12448.000
2013-04-03,7.381,7.440,7.361,7.420,7284.000
2013-04-08,7.391,7.479,7.174,7.371,19352.000
2013-04-09,7.400,7.469,7.351,7.391,8578.000
2013-04-10,8.050,8.070,7.400,7.420,59088.000
2013-04-11,7.991,8.011,7.824,7.952,49957.000
2013-04-12,7.873,8.050,7.784,7.961,22975.000
2013-04-15,7.942,7.952,7.715,7.853,19165.000
2013-04-16,7.952,8.050,7.833,7.942,26579.000
2013-04-17,7.952,7.971,7.873,7.952,15725.000
2013-04-18,7.883,7.971,7.873,7.932,9016.000
2013-04-19,8.109,8.158,7.902,7.971,26402.000
2013-04-22,8.198,8.296,7.952,8.040,22645.000
2013-04-23,7.932,8.217,7.833,8.119,19733.000
2013-04-24,8.030,8.030,7.902,7.932,11021.000
2013-04-25,7.932,8.030,7.883,8.001,8042.000
2013-04-26,7.942,7.981,7.883,7.942,7349.000
2013-05-02,7.971,8.050,7.893,7.922,10966.000
2013-05-03,8.020,8.070,7.942,8.030,15123.000
2013-05-06,8.148,8.168,7.991,8.050,21235.000
2013-05-07,7.971,8.168,7.952,8.139,23235.000
2013-05-08,8.139,8.217,7.961,7.971,26503.000
2013-05-09,8.089,8.198,7.991,8.168,15489.000
2013-05-10,8.109,8.158,8.040,8.139,13684.000
2013-05-13,8.040,8.148,7.971,8.089,16056.000
2013-05-14,7.922,8.070,7.902,8.030,16078.000
2013-05-15,7.922,7.991,7.893,7.932,9011.000
2013-05-16,7.981,8.020,7.873,7.932,14931.000
2013-05-17,8.060,8.119,7.961,7.961,22793.000
2013-05-20,8.080,8.148,8.060,8.148,19208.000
2013-05-21,8.562,8.749,8.089,8.089,67749.000
2013-05-22,8.414,8.650,8.375,8.483,28845.000
2013-05-23,8.453,8.572,8.286,8.375,25947.000
2013-05-24,8.434,8.581,8.316,8.316,15014.000
2013-05-27,8.306,8.542,8.276,8.434,24579.000
2013-05-28,8.335,8.463,8.257,8.276,18802.000
2013-05-29,8.444,8.552,8.306,8.365,27609.000
2013-05-30,8.335,8.444,8.266,8.394,25868.000
2013-05-31,8.365,8.463,8.316,8.365,16374.000
2013-06-03,8.473,8.493,8.365,8.365,17292.000
2013-06-04,8.335,8.532,8.266,8.503,22184.000
2013-06-05,8.394,8.414,8.345,8.345,7809.000
2013-06-06,8.296,8.414,8.296,8.404,11432.000
2013-06-07,8.335,8.394,8.188,8.266,16898.000
2013-06-13,8.237,8.385,8.070,8.335,22493.000
2013-06-14,8.266,8.286,8.148,8.257,16522.000
2013-06-17,8.207,8.266,8.178,8.188,9605.000
2013-06-18,8.237,8.296,8.148,8.207,6089.000
2013-06-19,8.267,8.286,8.119,8.198,10849.000
2013-06-20,8.040,8.237,8.000,8.207,11309.000
2013-06-21,7.911,7.980,7.714,7.980,15180.000
2013-06-24,7.161,7.911,7.131,7.911,23559.000
2013-06-25,7.783,7.882,7.190,7.200,42282.000
2013-06-26,8.178,8.277,7.595,7.595,35042.000
2013-06-27,8.069,8.375,8.040,8.049,23522.000
2013-06-28,8.079,8.188,7.961,7.961,12323.000
2013-07-01,8.148,8.178,7.980,7.980,10371.000
2013-07-02,8.365,8.395,8.089,8.119,23796.000
2013-07-03,8.356,8.484,8.257,8.365,18588.000
2013-07-04,8.464,8.543,8.257,8.277,23851.000
2013-07-05,8.464,8.543,8.395,8.395,11172.000
2013-07-08,8.277,8.524,8.198,8.395,13203.000
2013-07-09,8.336,8.464,8.207,8.286,10323.000
2013-07-10,8.395,8.474,8.247,8.277,12843.000
2013-07-11,8.514,8.553,8.346,8.346,27566.000
2013-07-12,8.563,8.682,8.494,8.514,35998.000
2013-07-15,8.533,8.652,8.425,8.543,20600.000
2013-07-16,8.553,8.583,8.425,8.494,18567.000
2013-07-17,8.484,8.691,8.474,8.553,23589.000
2013-07-18,8.504,8.573,8.356,8.445,14972.000
2013-07-19,8.632,8.820,8.494,8.504,50956.000
2013-07-22,8.593,8.741,8.415,8.612,23052.000
2013-07-23,8.691,8.721,8.514,8.514,21496.000
2013-07-24,8.375,8.691,8.346,8.672,48961.000
2013-07-25,8.099,8.484,8.000,8.336,46656.000
2013-07-26,8.306,8.326,8.000,8.030,21089.000
2013-07-29,8.207,8.316,8.079,8.277,15465.000
2013-07-30,8.257,8.346,8.119,8.336,8187.000
2013-07-31,8.148,8.296,8.099,8.296,8191.000
2013-08-01,8.247,8.277,8.099,8.099,12046.000
2013-08-02,8.217,8.267,8.178,8.207,11496.000
2013-08-05,8.267,8.267,8.158,8.198,7732.000
2013-08-06,8.267,8.346,8.158,8.267,24211.000
2013-08-07,8.326,8.346,8.207,8.247,17412.000
2013-08-08,8.207,8.326,8.178,8.296,14759.000
2013-08-09,8.217,8.286,8.138,8.207,13043.000
2013-08-12,8.326,8.326,8.168,8.217,21141.000
2013-08-13,8.454,8.494,8.277,8.336,23045.000
2013-08-14,8.445,8.583,8.385,8.454,22307.000
2013-08-15,8.474,8.494,8.405,8.445,18946.000
2013-08-16,8.978,9.324,8.445,8.454,142184.000
2013-08-19,9.067,9.185,8.800,8.988,72621.000
2013-08-20,9.037,9.304,9.007,9.136,42624.000
2013-08-21,8.859,9.007,8.790,8.948,42186.000
2013-08-22,9.185,9.205,8.800,8.889,50373.000
2013-08-23,9.007,9.333,8.800,9.175,42789.000
2013-08-26,9.067,9.077,8.889,9.007,20514.000
2013-08-27,9.096,9.185,9.047,9.067,21485.000
2013-08-28,9.027,9.156,8.988,9.096,23236.000
2013-08-29,9.314,9.333,9.017,9.017,55492.000
2013-08-30,9.215,9.462,9.175,9.324,37245.000
2013-09-02,9.185,9.373,9.116,9.116,20224.000
2013-09-03,9.165,9.264,9.116,9.185,18032.000
2013-09-04,9.343,9.373,9.146,9.185,24756.000
2013-09-05,9.669,9.709,9.333,9.383,54696.000
2013-09-06,9.946,10.084,9.640,9.640,54679.000
2013-09-09,9.975,10.222,9.877,9.975,44076.000
2013-09-10,9.995,10.045,9.827,9.985,27567.000
2013-09-11,10.440,10.489,9.936,9.995,55220.000
2013-09-12,10.410,10.558,10.272,10.420,24011.000
2013-09-13,10.035,10.430,9.995,10.321,36721.000
2013-09-16,9.886,10.153,9.728,10.153,29224.000
2013-09-17,9.877,10.064,9.728,9.886,21845.000
2013-09-18,10.054,10.064,9.788,9.788,13989.000
2013-09-23,9.966,10.222,9.936,10.054,19425.000
2013-09-24,9.886,9.975,9.778,9.975,19573.000
2013-09-25,9.798,9.916,9.778,9.877,23298.000
2013-09-26,9.442,9.798,9.383,9.788,26561.000
2013-09-27,9.452,9.580,9.383,9.482,12716.000
2013-09-30,9.807,9.817,9.412,9.452,15228.000
2013-10-08,9.847,9.946,9.689,9.817,14662.000
2013-10-09,9.837,9.936,9.778,9.936,17227.000
2013-10-10,9.561,9.807,9.541,9.807,19788.000
2013-10-11,9.719,9.728,9.511,9.561,21325.000
2013-10-14,9.896,9.975,9.561,9.719,28129.000
2013-10-15,9.886,9.985,9.807,9.926,15452.000
2013-10-16,9.590,9.906,9.511,9.877,19913.000
2013-10-17,9.640,9.867,9.570,9.699,15331.000
2013-10-18,9.600,9.679,9.482,9.679,20495.000
2013-10-21,9.580,9.600,9.403,9.590,28285.000
2013-10-22,9.442,9.649,9.393,9.649,25697.000
2013-10-23,9.363,9.610,9.304,9.511,16144.000
2013-10-24,9.442,9.511,9.324,9.353,11598.000
2013-10-25,9.106,9.432,8.899,9.432,22681.000
2013-10-28,9.126,9.324,8.968,8.968,10838.000
2013-10-29,8.701,9.284,8.435,9.136,31751.000
2013-10-30,9.264,9.343,8.543,8.603,32821.000
2013-10-31,9.096,9.225,9.037,9.116,14587.000
2013-11-01,9.195,9.531,9.047,9.156,20078.000
2013-11-04,9.462,9.531,9.126,9.126,23189.000
2013-11-05,9.551,9.561,9.314,9.462,18240.000
2013-11-06,9.412,9.561,9.383,9.511,12345.000
2013-11-07,9.225,9.432,9.185,9.393,9154.000
2013-11-08,9.037,9.333,8.840,9.274,19040.000
2013-11-11,9.245,9.264,8.909,9.037,6567.000
2013-11-12,9.284,9.403,9.156,9.274,12520.000
2013-11-13,9.165,9.393,9.116,9.195,10708.000
2013-11-14,9.264,9.353,9.047,9.057,8066.000
2013-11-15,9.482,9.531,9.245,9.245,24914.000
2013-11-18,9.491,9.551,9.403,9.511,23213.000
2013-11-19,9.561,9.679,9.491,9.491,22393.000
2013-11-20,9.600,9.669,9.482,9.561,19055.000
2013-11-21,9.452,9.600,9.304,9.541,16632.000
2013-11-22,9.324,9.472,9.304,9.452,11512.000
2013-11-25,9.274,9.353,9.146,9.294,9534.000
2013-11-26,9.412,9.462,9.235,9.284,10325.000
2013-11-27,9.274,9.432,9.235,9.403,18897.000
2013-11-28,9.314,9.373,9.235,9.274,13410.000
2013-11-29,9.580,9.600,9.294,9.324,29078.000
2013-12-02,9.235,9.580,9.185,9.511,28720.000
2013-12-03,9.373,9.403,9.017,9.225,13982.000
2013-12-04,9.403,9.501,9.333,9.383,14965.000
2013-12-05,9.432,9.462,9.363,9.412,12059.000
2013-12-06,9.324,9.452,9.245,9.452,8644.000
2013-12-09,9.353,9.472,9.324,9.324,8571.000
2013-12-10,9.294,9.472,9.284,9.294,12371.000
2013-12-11,9.086,9.294,9.067,9.294,17500.000
2013-12-12,9.077,9.165,8.998,9.067,12751.000
2013-12-13,9.195,9.264,9.057,9.067,10720.000
2013-12-16,9.294,9.462,9.195,9.195,21974.000
2013-12-17,9.294,9.304,9.185,9.294,9781.000
2013-12-18,9.205,9.333,9.175,9.324,9414.000
2013-12-19,9.383,9.472,9.195,9.215,31019.000
2013-12-20,9.600,9.659,9.333,9.333,40678.000
2013-12-23,9.482,9.669,9.412,9.600,24530.000
2013-12-24,9.403,9.620,9.383,9.501,16240.000
2013-12-25,9.205,9.442,9.067,9.442,26344.000
2013-12-26,9.165,9.373,9.086,9.185,15750.000
2013-12-27,9.195,9.264,9.106,9.195,8790.000
2013-12-30,9.067,9.284,9.057,9.284,16559.000
2013-12-31,9.077,9.195,8.978,9.067,11277.000
2014-01-02,9.027,9.175,8.909,9.037,18541.000
2014-01-03,9.047,9.096,8.948,9.037,8182.000
2014-01-06,8.800,9.057,8.790,9.057,11606.000
2014-01-07,8.632,8.840,8.474,8.790,17458.000
2014-01-08,8.494,8.761,8.415,8.761,18824.000
2014-01-09,8.326,8.514,8.306,8.514,26561.000
2014-01-10,8.385,8.405,8.099,8.346,18919.000
2014-01-13,8.346,8.464,8.286,8.425,12173.000
2014-01-14,8.622,8.622,8.217,8.435,13119.000
2014-01-15,8.790,8.800,8.514,8.682,15060.000
2014-01-16,8.780,8.849,8.711,8.800,10438.000
2014-01-17,8.691,8.820,8.632,8.632,13036.000
2014-01-20,8.691,8.849,8.504,8.691,16186.000
2014-01-21,8.741,8.859,8.691,8.751,14480.000
2014-01-22,8.889,8.988,8.672,8.672,13949.000
2014-01-23,9.146,9.284,8.938,8.958,30491.000
2014-01-24,9.106,9.245,9.037,9.037,15146.000
2014-01-27,9.116,9.235,9.047,9.086,8430.000
2014-01-28,9.136,9.195,9.047,9.116,11502.000
2014-01-29,9.215,9.324,9.106,9.106,8279.000
2014-01-30,9.363,9.373,9.185,9.284,12279.000
2014-02-07,9.304,9.422,9.195,9.324,16269.000
2014-02-10,9.304,9.363,9.264,9.264,24030.000
2014-02-11,9.254,9.324,9.205,9.284,19528.000
2014-02-12,9.245,9.304,8.889,9.245,26343.000
2014-02-13,8.938,9.294,8.889,9.245,50379.000
2014-02-14,9.017,9.027,8.790,8.899,23299.000
2014-02-17,8.849,9.086,8.800,9.027,37977.000
2014-02-18,9.185,9.195,8.751,8.859,51140.000
2014-02-19,9.106,9.254,9.047,9.185,30601.000
2014-02-20,8.889,9.106,8.790,9.096,24773.000
2014-02-21,8.889,8.928,8.810,8.928,12332.000
2014-02-24,8.869,8.948,8.751,8.879,11747.000
2014-02-25,8.524,8.899,8.494,8.889,25223.000
2014-02-26,8.642,8.662,8.267,8.267,18326.000
2014-02-27,8.504,8.751,8.464,8.573,21997.000
2014-02-28,8.682,8.691,8.395,8.504,15562.000
2014-03-03,8.869,8.889,8.593,8.652,28548.000
2014-03-04,8.632,8.869,8.543,8.869,23621.000
2014-03-05,8.632,8.711,8.543,8.632,12901.000
2014-03-06,8.445,8.632,8.385,8.612,25110.000
2014-03-07,8.326,8.454,8.296,8.395,19384.000
2014-03-10,8.128,8.356,8.089,8.336,18576.000
2014-03-11,8.099,8.207,8.000,8.119,14962.000
2014-03-12,8.109,8.168,8.030,8.119,12466.000
2014-03-13,8.306,8.336,8.148,8.178,13737.000
2014-03-14,8.247,8.316,8.178,8.316,11471.000
2014-03-17,8.346,8.346,8.079,8.207,17207.000
2014-03-18,8.375,8.454,8.207,8.326,13368.000
2014-03-19,8.257,8.375,8.178,8.375,18331.000
2014-03-20,8.158,8.286,8.049,8.257,11453.000
2014-03-21,8.326,8.375,8.138,8.158,9293.000
2014-03-24,8.247,8.326,8.217,8.326,12614.000
2014-03-25,8.405,8.454,8.247,8.267,18677.000
2014-03-26,8.296,8.405,8.198,8.395,17950.000
2014-03-27,8.237,8.277,8.168,8.277,9978.000
2014-03-28,8.049,8.237,7.951,8.198,16986.000
2014-03-31,8.049,8.128,7.951,8.049,5821.000
2014-04-01,8.099,8.148,8.010,8.010,11353.000
2014-04-02,8.059,8.119,8.030,8.099,8341.000
2014-04-03,8.069,8.109,8.020,8.089,9654.000
2014-04-04,8.128,8.128,8.030,8.030,8335.000
2014-04-08,8.148,8.198,8.128,8.198,10240.000
2014-04-09,8.711,8.770,8.148,8.158,49267.000
2014-04-10,8.780,9.007,8.632,8.662,63857.000
2014-04-11,8.770,8.830,8.553,8.701,16108.000
2014-04-14,8.928,8.988,8.652,8.701,30660.000
2014-04-15,8.938,9.077,8.820,8.820,33958.000
2014-04-16,8.928,8.978,8.849,8.889,14074.000
2014-04-17,8.968,9.007,8.849,8.889,12202.000
2014-04-18,9.007,9.047,8.741,8.869,19484.000
2014-04-21,9.057,9.264,8.899,8.938,26024.000
2014-04-22,8.879,9.116,8.662,9.007,20537.000
2014-04-23,8.622,8.869,8.603,8.780,17789.000
2014-04-24,8.721,8.879,8.622,8.652,14020.000
2014-04-25,8.978,9.037,8.642,8.810,24572.000
2014-04-28,8.277,8.988,8.277,8.968,18533.000
2014-04-29,8.494,8.583,8.198,8.286,10221.000
2014-04-30,8.553,8.583,8.395,8.504,9095.000
2014-05-05,8.662,8.800,8.445,8.553,7479.000
2014-05-06,8.514,8.731,8.405,8.622,16728.000
2014-05-07,8.425,8.524,8.306,8.405,11637.000
2014-05-08,8.524,8.563,8.346,8.346,8353.000
2014-05-09,8.563,8.691,8.435,8.514,8325.000
2014-05-12,8.780,8.790,8.553,8.612,15258.000
2014-05-13,8.741,8.800,8.632,8.780,6421.000
2014-05-14,8.632,8.741,8.514,8.741,9372.000
2014-05-15,8.494,8.770,8.445,8.583,6885.000
2014-05-16,8.445,8.563,8.296,8.514,10094.000
2014-05-19,8.277,8.494,8.257,8.445,8491.000
2014-05-20,8.286,8.405,8.198,8.277,7349.000
2014-05-21,8.296,8.306,8.198,8.247,4193.000
2014-05-22,8.277,8.464,8.247,8.395,7115.000
2014-05-23,8.356,8.375,8.198,8.267,4934.000
2014-05-26,8.435,8.494,8.346,8.346,10303.000
2014-05-27,8.445,8.533,8.425,8.504,6145.000
2014-05-28,8.484,8.514,8.425,8.494,8687.000
2014-05-29,8.445,8.632,8.445,8.494,9871.000
2014-05-30,8.454,8.494,8.405,8.435,4333.000
2014-06-03,8.356,8.494,8.336,8.435,6046.000
2014-06-04,8.188,8.375,8.109,8.336,9800.000
2014-06-05,8.188,8.247,8.079,8.188,12597.000
2014-06-06,8.207,8.227,8.109,8.198,6804.000
2014-06-09,8.178,8.247,8.089,8.207,8820.000
2014-06-10,8.217,8.237,8.109,8.188,8091.000
2014-06-11,8.148,8.227,8.099,8.227,19190.000
2014-06-12,8.099,8.178,8.079,8.168,15392.000
2014-06-13,8.198,8.198,8.049,8.089,18993.000
2014-06-16,8.257,8.326,8.198,8.198,21613.000
2014-06-17,8.158,8.217,8.128,8.158,8062.000
2014-06-18,8.227,8.326,8.158,8.158,19255.000
2014-06-19,8.119,8.247,8.099,8.227,11582.000
2014-06-20,8.148,8.297,8.108,8.287,6941.000
2014-06-23,8.168,8.227,8.128,8.128,8608.000
2014-06-24,8.088,8.277,8.069,8.178,13573.000
2014-06-25,8.148,8.148,8.009,8.079,10224.000
2014-06-26,8.118,8.227,8.069,8.217,19480.000
2014-06-27,8.227,8.277,8.009,8.118,25749.000
2014-06-30,8.217,8.307,8.138,8.257,10454.000
2014-07-01,8.386,8.435,8.197,8.287,21854.000
2014-07-02,8.832,8.911,8.307,8.366,70232.000
2014-07-03,8.782,8.852,8.634,8.723,27306.000
2014-07-04,8.971,8.981,8.733,8.782,45981.000
2014-07-07,8.822,9.010,8.772,8.862,16538.000
2014-07-08,8.604,8.901,8.525,8.812,35435.000
2014-07-09,8.534,8.624,8.475,8.604,22113.000
2014-07-10,8.584,8.683,8.416,8.525,16669.000
2014-07-11,8.525,8.604,8.465,8.604,25245.000
2014-07-14,8.594,8.594,8.475,8.594,17485.000
2014-07-15,8.604,8.644,8.525,8.594,14993.000
2014-07-16,8.644,8.753,8.534,8.614,18652.000
2014-07-17,8.465,8.584,8.445,8.574,20336.000
2014-07-18,8.465,8.534,8.396,8.475,12930.000
2014-07-21,8.416,8.515,8.396,8.495,9921.000
2014-07-22,8.455,8.515,8.356,8.416,9711.000
2014-07-23,8.485,8.574,8.425,8.425,14617.000
2014-07-24,8.376,8.495,8.287,8.485,17461.000
2014-07-25,8.386,8.425,8.277,8.396,19647.000
2014-07-28,8.584,8.614,8.356,8.376,29453.000
2014-07-29,8.604,8.683,8.525,8.584,22201.000
2014-07-30,8.604,8.663,8.534,8.604,17419.000
2014-07-31,8.644,8.693,8.525,8.584,19526.000
2014-08-01,8.544,8.762,8.515,8.644,28189.000
2014-08-04,8.693,8.772,8.544,8.544,25866.000
2014-08-05,8.713,8.762,8.624,8.723,18594.000
2014-08-06,8.723,8.753,8.624,8.723,22962.000
2014-08-07,8.812,8.951,8.723,8.723,43106.000
2014-08-08,8.733,8.881,8.703,8.832,22081.000
2014-08-11,8.743,8.872,8.713,8.733,26020.000
2014-08-12,8.713,8.812,8.614,8.743,31664.000
2014-08-13,8.990,9.020,8.673,8.713,71217.000
2014-08-14,8.881,9.050,8.832,8.990,35515.000
2014-08-15,8.881,8.941,8.842,8.872,18798.000
2014-08-18,9.169,9.218,8.891,8.951,82655.000
2014-08-19,9.099,9.318,9.010,9.119,41279.000
2014-08-20,9.099,9.199,9.030,9.099,22861.000
2014-08-21,9.040,9.209,9.020,9.109,21547.000
2014-08-22,9.020,9.119,8.971,9.119,22778.000
2014-08-25,9.199,9.268,8.901,9.000,47734.000
2014-08-26,9.407,9.674,9.119,9.218,110248.000
2014-08-27,9.427,9.615,9.218,9.466,49905.000
2014-08-28,9.377,9.427,9.040,9.318,37695.000
2014-08-29,9.486,9.496,9.139,9.278,25683.000
2014-09-01,9.684,9.714,9.367,9.526,44372.000
2014-09-02,9.873,9.982,9.615,9.635,49812.000
2014-09-03,9.744,9.912,9.674,9.823,38405.000
2014-09-04,10.319,10.339,9.674,9.714,83618.000
2014-09-05,10.329,10.457,10.210,10.339,36869.000
2014-09-09,10.319,10.408,10.071,10.259,56775.000
2014-09-10,10.329,10.358,10.150,10.160,20496.000
2014-09-11,10.140,10.408,10.021,10.319,41866.000
2014-09-12,10.388,10.408,10.061,10.111,41377.000
2014-09-15,10.428,10.448,10.190,10.388,33621.000
2014-09-16,10.398,11.082,10.319,10.428,83022.000
2014-09-17,10.319,10.547,9.982,10.457,65005.000
2014-09-18,10.289,10.319,10.081,10.269,22466.000
2014-09-19,10.368,10.408,10.229,10.259,36071.000
2014-09-22,10.289,10.329,10.081,10.210,26235.000
2014-09-23,10.547,10.606,10.120,10.289,35650.000
2014-09-24,10.626,10.646,10.408,10.467,24061.000
2014-09-25,10.864,10.923,10.557,10.626,44130.000
2014-09-26,10.854,10.894,10.705,10.804,20146.000
2014-09-29,10.824,11.072,10.725,11.052,19672.000
2014-09-30,10.715,10.884,10.626,10.884,16625.000
2014-10-08,10.656,10.804,10.567,10.725,21240.000
2014-10-09,11.201,11.379,10.656,10.656,63455.000
2014-10-10,11.221,11.290,10.904,11.211,39503.000
2014-10-13,11.013,11.350,10.953,11.102,29347.000
2014-10-14,10.755,11.201,10.715,11.003,34310.000
2014-10-15,10.864,11.032,10.705,10.765,18527.000
2014-10-16,10.755,11.052,10.705,10.854,27300.000
2014-10-17,10.586,10.755,10.329,10.755,35022.000
2014-10-20,10.596,10.656,10.408,10.507,19158.000
2014-10-21,10.596,10.646,10.507,10.596,17685.000
2014-10-22,10.646,10.755,10.457,10.606,20549.000
2014-10-23,10.170,10.705,10.011,10.567,28418.000
2014-10-24,10.220,10.408,10.071,10.130,11966.000
2014-10-27,10.229,10.259,10.021,10.220,11231.000
2014-10-28,10.557,10.576,10.210,10.210,22100.000
2014-10-29,10.864,11.003,10.408,10.606,44602.000
2014-10-30,10.993,11.042,10.814,10.894,36853.000
2014-10-31,11.042,11.092,10.844,10.993,31243.000
2014-11-03,11.072,11.092,10.943,10.943,22686.000
2014-11-04,11.062,11.151,10.904,11.072,24173.000
2014-11-05,10.983,11.181,10.884,11.092,20461.000
2014-11-06,10.993,11.022,10.785,10.983,25165.000
2014-11-07,11.102,11.340,10.864,10.864,39042.000
2014-11-10,10.854,11.102,10.487,11.102,48395.000
2014-11-11,10.715,10.904,10.358,10.904,39438.000
2014-11-12,10.685,10.894,10.586,10.685,19911.000
2014-11-13,10.824,10.884,10.507,10.685,15964.000
2014-11-14,10.765,10.834,10.507,10.785,15825.000
2014-11-17,10.715,10.755,10.586,10.705,15638.000
2014-11-18,10.507,10.755,10.398,10.715,25750.000
2014-11-19,10.557,10.586,10.339,10.507,24213.000
2014-11-20,10.467,10.497,10.259,10.457,31351.000
2014-11-21,10.467,10.497,10.358,10.398,19173.000
2014-11-24,10.576,10.646,10.448,10.507,31255.000
2014-11-25,10.586,10.676,10.418,10.557,27173.000
2014-11-26,11.647,11.647,10.606,10.606,159375.000
2014-11-27,11.518,11.875,11.409,11.746,128138.000
2014-11-28,11.697,11.746,11.211,11.548,109068.000
2014-12-01,11.379,11.647,11.369,11.508,52688.000
2014-12-02,11.964,12.034,11.310,11.389,96949.000
2014-12-03,11.944,12.152,11.657,11.885,71401.000
2014-12-04,11.895,11.954,11.716,11.885,41512.000
2014-12-05,11.677,11.895,11.151,11.825,62707.000
2014-12-08,11.528,11.647,11.270,11.597,33757.000
2014-12-09,10.497,11.498,10.388,11.498,74463.000
2014-12-10,10.586,10.785,10.210,10.398,83828.000
2014-12-11,10.616,10.765,10.408,10.507,64480.000
2014-12-12,10.715,10.785,10.586,10.616,39832.000
2014-12-15,11.379,11.617,10.477,10.715,71871.000
2014-12-16,11.399,11.647,11.151,11.211,52232.000
2014-12-17,11.647,11.697,11.300,11.419,80649.000
2014-12-18,11.518,11.934,11.488,11.617,53115.000
2014-12-19,11.260,11.459,11.013,11.449,37219.000
2014-12-22,11.211,11.875,10.804,11.449,56161.000
2014-12-23,10.804,11.359,10.418,11.340,30165.000
2014-12-24,10.794,10.993,10.626,10.804,24482.000
2014-12-25,10.775,10.874,10.606,10.695,26725.000
2014-12-26,10.854,10.894,10.586,10.824,35539.000
2014-12-29,10.576,10.884,10.537,10.794,26708.000
2014-12-30,10.249,10.527,10.210,10.477,26968.000
2014-12-31,10.279,10.398,10.021,10.021,20047.000
2015-01-05,9.803,10.329,9.516,10.329,85682.000
2015-01-06,9.555,9.724,9.119,9.714,162982.000
2015-01-07,9.833,9.843,9.407,9.476,95746.000
2015-01-08,9.645,9.853,9.536,9.853,52043.000
2015-01-09,9.387,9.684,9.268,9.655,96842.000
2015-01-12,9.258,9.506,9.199,9.397,41161.000
2015-01-13,9.308,9.337,9.139,9.218,44849.000
2015-01-14,9.040,9.318,8.921,9.308,74569.000
2015-01-15,9.060,9.179,8.891,8.990,102464.000
2015-01-16,9.070,9.080,8.931,9.020,135796.000
2015-01-19,9.139,9.278,8.832,9.010,277207.000
2015-01-20,9.337,9.357,9.050,9.139,188309.000
2015-01-21,9.546,9.575,9.258,9.347,148380.000
2015-01-22,9.546,9.575,9.377,9.546,116011.000
2015-01-23,9.456,9.694,9.417,9.526,109171.000
2015-01-26,9.516,9.516,9.397,9.476,80190.000
2015-01-27,9.486,9.546,9.387,9.516,75011.000
2015-01-28,9.536,9.555,9.417,9.476,79001.000
2015-01-29,9.902,9.912,9.437,9.496,208653.000
2015-01-30,9.645,9.962,9.625,9.942,126149.000
2015-02-02,9.337,9.506,9.209,9.506,80424.000
2015-02-03,9.387,9.407,9.278,9.327,53815.000
2015-02-04,9.248,9.476,9.228,9.397,55351.000
2015-02-05,9.248,9.367,9.218,9.347,69886.000
2015-02-06,9.109,9.278,9.060,9.258,33635.000
2015-02-09,9.119,9.199,9.020,9.109,23463.000
2015-02-10,9.189,9.288,9.129,9.159,21908.000
2015-02-11,9.318,9.377,9.189,9.189,30720.000
2015-02-12,9.347,9.407,9.238,9.318,35035.000
2015-02-13,9.506,9.536,9.327,9.357,73333.000
2015-02-16,9.645,9.655,9.427,9.466,62969.000
2015-02-17,9.575,9.724,9.546,9.615,68589.000
2015-02-25,9.674,9.744,9.565,9.575,61449.000
2015-02-26,9.873,9.892,9.655,9.655,94040.000
2015-02-27,9.853,9.912,9.793,9.843,89545.000
2015-03-02,10.358,10.636,9.813,9.833,238837.000
2015-03-03,10.229,10.319,10.120,10.249,186539.000
2015-03-04,10.130,10.269,10.071,10.160,146124.000
2015-03-05,10.130,10.190,9.892,10.130,150787.000
2015-03-06,10.368,10.477,9.962,10.130,200317.000
2015-03-09,10.418,10.557,10.150,10.299,154914.000
2015-03-10,10.329,10.477,10.259,10.388,95646.000
2015-03-11,10.150,10.329,10.120,10.329,68079.000
2015-03-12,10.160,10.259,10.081,10.130,56167.000
2015-03-13,10.150,10.180,10.091,10.180,57767.000
2015-03-16,10.329,10.378,10.120,10.120,127510.000
2015-03-17,10.497,10.557,10.279,10.329,135686.000
2015-03-18,10.656,10.735,10.448,10.527,163128.000
2015-03-19,11.052,11.092,10.507,10.606,224503.000
2015-03-20,11.617,11.736,10.973,11.052,268268.000
2015-03-23,11.568,12.073,11.399,11.716,255195.000
2015-03-24,11.320,11.677,10.904,11.568,181628.000
2015-03-25,11.300,11.409,11.003,11.290,120103.000
2015-03-26,11.300,11.459,11.161,11.330,97623.000
2015-03-27,11.389,11.449,11.161,11.290,103946.980
2015-03-30,11.449,11.478,11.221,11.399,116226.000
2015-03-31,11.518,11.667,11.290,11.449,139904.000
2015-04-01,11.954,11.994,11.409,11.498,153956.000
2015-04-02,11.815,12.043,11.706,11.845,147585.000
2015-04-03,11.687,11.845,11.459,11.746,155347.000
2015-04-07,12.093,12.281,11.647,11.796,219963.000
2015-04-08,11.736,12.261,11.667,12.232,167756.000
2015-04-09,11.211,11.756,10.755,11.726,180076.000
2015-04-10,11.439,11.578,10.933,11.171,126444.000
2015-04-13,11.607,11.786,11.340,11.459,161356.000
2015-04-14,11.806,12.014,11.469,11.597,191947.000
2015-04-15,11.171,11.865,11.092,11.825,163875.000
2015-04-16,11.439,11.518,10.913,11.102,106406.000
2015-04-17,11.459,11.677,11.399,11.469,193106.000
2015-04-20,11.330,11.518,11.112,11.300,146342.000
2015-04-21,11.885,12.014,11.280,11.280,234163.000
2015-04-22,12.470,12.826,11.974,11.974,351860.000
2015-04-23,12.361,12.638,12.143,12.351,197246.000
2015-04-24,12.608,12.836,12.162,12.311,225054.000
2015-04-27,12.698,13.064,12.440,12.608,233450.000
2015-04-28,12.192,13.005,11.994,12.787,162203.000
2015-04-29,12.539,12.688,11.895,12.222,139984.000
2015-04-30,12.430,12.787,12.202,12.390,191546.000
2015-05-04,13.015,13.173,12.143,12.440,225679.000
2015-05-05,12.093,13.054,11.954,13.015,182973.000
2015-05-06,11.379,12.242,11.211,12.093,151875.000
2015-05-07,11.478,11.538,11.013,11.379,84303.000
2015-05-08,11.627,11.697,11.122,11.548,110000.000
2015-05-11,12.024,12.083,11.449,11.627,157697.000
2015-05-12,11.994,12.182,11.746,11.994,145569.000
2015-05-13,11.815,11.944,11.736,11.895,109732.000
2015-05-14,12.113,12.281,11.756,11.815,174632.000
2015-05-15,11.637,12.024,11.488,11.994,117556.000
2015-05-18,11.766,12.034,11.508,11.637,99800.000
2015-05-19,12.152,12.172,11.697,11.756,125084.000
2015-05-20,12.182,12.549,12.083,12.162,179744.000
2015-05-21,12.410,12.499,12.123,12.192,155840.000
2015-05-22,12.777,12.936,12.351,12.480,220513.000
2015-05-25,13.540,13.600,12.688,12.787,337450.000
2015-05-26,14.898,14.898,13.302,13.481,511045.000
2015-05-27,15.969,16.385,14.749,14.898,550615.000
2015-05-28,15.592,16.504,15.473,15.939,416567.000
2015-05-29,16.633,17.148,15.661,15.959,386612.000
2015-06-01,17.089,17.267,16.454,17.267,267897.000
2015-06-02,18.070,18.288,16.861,17.049,216386.000
2015-06-04,17.267,17.733,16.266,17.614,246974.000
2015-06-05,17.208,17.376,16.504,16.960,269263.000
2015-06-08,16.403,17.217,15.916,16.880,211628.000
2015-06-09,16.522,16.681,15.976,16.314,208933.000
2015-06-10,16.552,16.661,16.115,16.492,185244.000
2015-06-11,16.721,17.078,16.383,16.681,211647.000
2015-06-12,16.850,17.187,16.562,16.711,245900.000
2015-06-15,16.711,17.177,16.085,16.701,192717.000
2015-06-16,16.880,17.882,16.532,16.860,250039.000
2015-06-17,16.463,17.029,15.192,16.899,186559.000
2015-06-18,15.489,16.502,15.291,16.284,111079.000
2015-06-19,13.941,15.182,13.941,14.318,89469.000
2015-06-23,14.060,14.179,12.560,13.653,128528.000
2015-06-24,14.735,15.122,14.080,14.149,151325.000
2015-06-25,13.663,14.735,13.583,14.735,128385.000
2015-06-26,12.292,13.394,12.292,12.938,146665.000
2015-06-29,11.766,12.809,11.061,12.620,251557.000
2015-06-30,12.213,12.302,10.594,11.816,197251.000
2015-07-01,11.190,12.382,11.061,11.915,140827.000
2015-07-02,10.068,11.419,10.068,11.299,130664.000
2015-07-03,9.065,9.929,9.065,9.145,152377.000
2015-07-06,8.162,9.969,8.162,9.969,240857.000
2015-07-07,7.348,7.765,7.348,7.715,89800.000
2015-07-08,6.613,6.613,6.613,6.613,17633.000
2015-07-09,7.278,7.278,5.948,5.948,231705.000
2015-07-10,8.003,8.003,7.447,7.626,132667.000
2015-07-13,8.807,8.807,8.241,8.807,252790.000
2015-07-14,9.264,9.681,9.036,9.145,322482.000
2015-07-15,8.341,8.996,8.341,8.996,148288.000
2015-07-16,8.440,8.777,7.506,7.904,137248.000
2015-07-17,9.115,9.234,8.370,8.430,122749.000
2015-07-20,9.403,9.631,9.065,9.135,112070.000
2015-07-21,9.423,9.651,9.045,9.333,94083.000
2015-07-22,9.363,9.423,9.026,9.314,137631.000
2015-07-23,10.009,10.138,9.194,9.383,196440.000
2015-07-24,11.011,11.011,10.128,10.306,448679.000
2015-07-27,9.909,10.813,9.909,9.929,367609.000
2015-07-28,9.423,9.860,8.916,8.916,252787.000
2015-07-29,10.366,10.366,9.463,9.731,233231.000
2015-07-30,10.714,11.319,10.396,10.396,331470.000
2015-07-31,10.167,10.704,9.731,10.426,155968.000
2015-08-03,9.155,10.038,9.155,10.028,127434.000
2015-08-04,10.068,10.068,9.155,9.155,118259.000
2015-08-05,10.088,10.555,9.711,10.118,148689.000
2015-08-06,10.297,10.465,9.731,9.860,101864.000
2015-08-07,10.952,11.319,10.237,10.237,155999.000
2015-08-10,11.349,11.716,10.892,10.912,197077.000
2015-08-11,11.369,11.836,11.121,11.607,193602.000
2015-08-12,11.379,11.548,11.041,11.131,125148.000
2015-08-13,11.647,11.677,10.724,11.399,128623.000
2015-08-14,11.617,11.806,11.419,11.647,129718.000
2015-08-17,12.094,12.114,11.419,11.617,159399.000
2015-08-18,10.882,12.233,10.882,12.133,144140.000
2015-08-19,11.011,11.141,9.889,10.495,190803.000
2015-08-20,10.495,11.280,10.475,10.704,96348.000
2015-08-21,9.919,10.465,9.631,10.287,99668.000
2015-08-24,8.926,9.433,8.926,9.433,99405.000
2015-08-25,8.033,8.231,8.033,8.033,82427.000
2015-08-26,7.894,8.499,7.228,7.844,226359.000
2015-08-27,8.341,8.420,7.933,7.933,110140.000
2015-08-28,8.946,8.986,8.489,8.817,80360.000
2015-08-31,8.410,8.976,8.400,8.946,54443.000
2015-09-01,7.864,8.460,7.745,8.430,74508.000
2015-09-02,7.447,8.043,7.119,7.119,44957.000
2015-09-07,7.566,7.933,7.516,7.536,48932.000
2015-09-08,8.182,8.261,7.407,7.546,53637.000
2015-09-09,8.529,8.638,8.112,8.221,65876.000
2015-09-10,8.281,8.509,8.251,8.440,41580.000
2015-09-11,8.350,8.440,8.182,8.182,23277.000
2015-09-14,7.516,8.638,7.516,8.440,65643.000
2015-09-15,6.881,7.586,6.772,7.219,58790.000
2015-09-16,7.566,7.566,6.881,6.950,113314.000
2015-09-17,7.675,8.122,7.566,7.606,133922.000
2015-09-18,7.725,7.834,7.298,7.745,68908.000
2015-09-21,7.943,7.953,7.467,7.546,61248.000
2015-09-22,7.914,8.023,7.804,7.943,56373.000
2015-09-23,7.725,7.894,7.447,7.844,42273.000
2015-09-24,8.063,8.241,7.715,7.715,59185.000
2015-09-25,8.112,8.470,7.725,8.003,79539.000
2015-09-28,8.281,8.341,7.824,7.983,46413.000
2015-09-29,7.914,8.142,7.854,8.132,55172.000
2015-09-30,7.864,8.072,7.824,7.943,26727.000
2015-10-08,8.202,8.271,8.043,8.043,39603.000
2015-10-09,8.420,8.539,8.152,8.202,49773.000
2015-10-12,8.777,8.797,8.360,8.360,49429.000
2015-10-13,9.016,9.085,8.569,8.787,58254.000
2015-10-14,9.006,9.184,8.857,9.085,63211.000
2015-10-15,9.175,9.214,8.887,8.956,65550.000
2015-10-16,10.088,10.088,9.482,9.492,66677.000
2015-10-19,9.820,10.426,9.741,10.128,99621.000
2015-10-20,9.880,9.899,9.562,9.750,55489.000
2015-10-21,8.897,9.830,8.897,9.760,69759.000
2015-10-22,9.323,9.413,8.897,8.897,65146.000
2015-10-23,9.433,9.482,9.016,9.234,94867.000
2015-10-26,9.611,9.830,9.333,9.532,84572.000
2015-10-27,9.701,9.750,9.145,9.582,65708.000
2015-10-28,9.453,9.979,9.433,9.631,66133.000
2015-10-29,9.721,9.790,9.244,9.552,50985.000
2015-10-30,9.989,10.177,9.671,9.810,100474.000
2015-11-02,9.323,9.810,9.294,9.532,88155.000
2015-11-03,9.214,9.413,9.045,9.353,38893.000
2015-11-04,9.681,9.711,9.214,9.214,48011.000
2015-11-05,9.701,9.909,9.631,9.711,75432.000
2015-11-06,9.909,9.969,9.661,9.701,66888.000
2015-11-09,10.316,10.366,9.721,9.840,119753.000
2015-11-10,10.525,10.634,10.048,10.227,104032.000
2015-11-11,10.982,11.280,10.217,10.545,106363.000
2015-11-12,11.468,11.518,10.733,10.962,93179.000
2015-11-13,11.806,11.945,11.170,11.220,126113.000
2015-11-16,11.776,11.915,11.428,11.478,77387.000
2015-11-17,12.233,12.263,11.627,11.766,124969.000
2015-11-18,11.617,12.411,11.419,12.302,164849.000
2015-11-19,11.528,11.647,11.170,11.319,66893.000
2015-11-20,11.498,11.637,11.289,11.627,66768.000
2015-11-23,11.160,11.567,11.041,11.498,67323.000
2015-11-24,11.359,11.369,10.942,11.121,39309.000
2015-11-25,11.270,11.428,11.170,11.319,43157.000
2015-11-26,11.260,11.458,11.220,11.299,53708.000
2015-11-27,10.158,11.399,10.138,11.190,55144.000
2015-11-30,11.170,11.170,9.631,10.158,74889.000
2015-12-01,11.190,11.667,10.753,11.260,99374.000
2015-12-02,10.694,11.180,10.306,11.021,58854.000
2015-12-03,10.783,10.833,10.475,10.575,36019.000
2015-12-04,11.180,11.865,10.634,10.753,80782.000
2015-12-07,11.190,11.369,10.843,11.141,87775.000
2015-12-08,10.475,11.061,10.426,11.041,54111.000
2015-12-09,10.237,10.584,10.128,10.455,45660.000
2015-12-10,10.197,10.376,10.128,10.177,29596.000
2015-12-11,9.929,10.257,9.830,10.227,36314.000
2015-12-14,10.217,10.257,9.830,9.850,31076.000
2015-12-15,10.297,10.426,10.187,10.316,29571.000
2015-12-16,10.386,10.505,10.277,10.287,37918.000
2015-12-17,10.773,11.021,10.475,10.515,83157.000
2015-12-18,11.002,11.141,10.604,10.763,104112.000
2015-12-21,10.972,11.071,10.743,11.071,74476.000
2015-12-22,10.972,11.041,10.833,10.972,64987.000
2015-12-23,11.051,11.270,10.972,10.992,76484.000
2015-12-24,10.793,11.071,10.624,10.942,34957.000
2015-12-25,11.111,11.180,10.813,10.823,50813.000
2015-12-28,10.813,11.329,10.733,11.220,62445.000
2015-12-29,10.892,10.982,10.624,10.763,32834.000
2015-12-30,11.021,11.041,10.793,10.872,43281.000
2015-12-31,10.892,11.160,10.863,10.992,49519.000
2016-01-04,9.810,11.071,9.800,10.803,54870.000
2016-01-05,9.443,9.929,9.085,9.085,54028.000
2016-01-06,9.661,9.711,9.502,9.502,35980.000
2016-01-07,8.777,9.532,8.728,9.532,8793.000
2016-01-08,8.966,9.234,8.450,9.036,56837.000
2016-01-11,8.082,8.916,8.072,8.817,56390.000
2016-01-12,8.082,8.261,7.844,8.142,41493.000
2016-01-13,8.082,8.480,8.043,8.211,56521.000
2016-01-14,8.301,8.311,7.626,7.745,46207.000
2016-01-15,7.914,8.430,7.745,8.122,77875.000
2016-01-18,7.953,7.993,7.546,7.765,45760.000
2016-01-19,8.241,8.291,7.715,7.933,103080.000
2016-01-20,8.221,8.460,7.904,8.142,93216.000
2016-01-21,7.765,8.202,7.755,7.933,58043.000
2016-01-22,7.904,7.973,7.645,7.814,31520.000
2016-01-25,7.993,8.112,7.844,7.953,29888.000
2016-01-26,7.397,7.943,7.328,7.943,44798.000
2016-01-27,7.338,7.526,6.911,7.407,41348.000
2016-01-28,7.308,7.417,7.050,7.238,25319.000
2016-01-29,7.526,7.695,7.209,7.228,42421.000
2016-02-01,7.516,7.636,7.248,7.546,25566.000
2016-02-02,7.745,7.794,7.348,7.348,25104.000
2016-02-03,7.715,7.745,7.596,7.685,16974.000
2016-02-04,7.993,8.072,7.745,7.745,39897.000
2016-02-05,7.794,8.023,7.765,7.943,26004.000
2016-02-15,7.745,7.844,7.358,7.358,25509.000
2016-02-16,8.023,8.082,7.685,7.874,36503.000
2016-02-17,8.092,8.142,7.864,8.023,37199.000
2016-02-18,8.122,8.301,8.043,8.092,53612.000
2016-02-19,8.271,8.430,7.993,8.112,58970.000
2016-02-22,8.579,8.638,8.241,8.360,61970.000
2016-02-23,8.450,8.579,8.321,8.539,28447.000
2016-02-24,8.559,8.738,8.341,8.450,54510.000
2016-02-25,7.705,8.509,7.705,8.489,55647.000
2016-02-26,7.854,7.914,7.556,7.834,36786.000
2016-02-29,7.258,7.814,7.070,7.814,52771.000
2016-03-01,7.377,7.487,7.089,7.387,37316.000
2016-03-02,7.775,7.784,7.397,7.397,37148.000
2016-03-03,7.784,7.953,7.695,7.775,43014.000
2016-03-04,7.645,7.914,7.477,7.784,37754.000
2016-03-07,8.112,8.162,7.645,7.645,44879.000
2016-03-08,7.963,8.053,7.487,8.053,44642.000
2016-03-09,7.914,7.943,7.665,7.804,32443.000
2016-03-10,7.824,8.033,7.745,7.844,34730.000
2016-03-11,7.705,7.784,7.487,7.636,24366.000
2016-03-14,7.933,8.043,7.745,7.745,35309.000
2016-03-15,8.013,8.013,7.884,7.963,33125.000
2016-03-16,7.943,8.112,7.894,8.013,28894.000
2016-03-17,8.152,8.211,7.923,8.003,46169.000
2016-03-18,8.370,8.380,8.152,8.152,57212.000
2016-03-21,8.589,8.619,8.370,8.370,65187.000
2016-03-22,8.767,8.956,8.440,8.460,81579.000
2016-03-23,8.678,8.718,8.549,8.619,29688.000
2016-03-24,8.797,8.916,8.440,8.619,77351.000
2016-03-25,8.797,8.986,8.678,8.678,96565.000
2016-03-28,8.539,8.867,8.470,8.797,61624.000
2016-03-29,8.331,8.569,8.202,8.499,37592.000
2016-03-30,8.638,8.668,8.370,8.370,42687.000
2016-03-31,8.658,8.827,8.628,8.668,35170.000
2016-04-01,8.857,8.897,8.579,8.609,57634.000
2016-04-05,8.966,8.986,8.718,8.857,61390.000
2016-04-06,8.976,9.045,8.837,8.966,45623.000
2016-04-07,8.777,9.045,8.678,8.956,43093.000
2016-04-08,8.857,8.956,8.619,8.688,38358.000
2016-04-11,9.036,9.095,8.857,8.857,45983.000
2016-04-12,8.916,9.026,8.767,9.016,25461.000
2016-04-13,9.095,9.184,8.986,8.986,63018.000
2016-04-14,9.165,9.175,9.036,9.095,43847.000
2016-04-15,9.373,9.482,9.165,9.184,73516.000
2016-04-18,9.393,9.492,9.155,9.234,41021.000
2016-04-19,9.343,9.472,9.244,9.393,34190.000
2016-04-20,8.897,9.502,8.619,9.353,61355.000
2016-04-21,8.758,9.016,8.668,8.738,43207.000
2016-04-22,8.758,8.767,8.489,8.638,39943.000
2016-04-25,8.758,8.867,8.559,8.748,26288.000
2016-04-26,9.095,9.284,8.738,8.787,51029.000
2016-04-27,9.085,9.383,8.916,9.045,48413.000
2016-04-28,8.956,9.145,8.718,9.036,38951.000
2016-04-29,9.244,9.393,8.847,8.887,73262.000
2016-05-03,9.482,9.582,9.204,9.333,67459.000
2016-05-04,9.373,9.631,9.314,9.562,63369.000
2016-05-05,9.403,9.522,9.254,9.373,28781.000
2016-05-06,8.926,9.433,8.897,9.433,58147.000
2016-05-09,8.480,8.906,8.440,8.748,52769.000
2016-05-10,8.341,8.609,8.211,8.480,51949.000
2016-05-11,8.261,8.420,8.172,8.410,37503.000
2016-05-12,8.350,8.370,7.953,8.221,45677.000
2016-05-13,8.509,8.569,8.291,8.341,48185.000
2016-05-16,8.460,8.460,8.192,8.440,37360.000
2016-05-17,8.509,8.599,8.400,8.440,36989.000
2016-05-18,8.182,8.480,7.993,8.440,26226.000
2016-05-19,8.122,8.341,8.043,8.172,33617.000
2016-05-20,8.172,8.211,7.923,8.053,26519.000
2016-05-23,8.281,8.341,8.142,8.172,23639.000
2016-05-24,8.241,8.311,8.132,8.311,25788.000
2016-05-25,8.241,8.380,8.202,8.331,17316.000
2016-05-26,8.281,8.301,7.963,8.192,20503.000
2016-05-27,8.311,8.341,8.241,8.291,17240.000
2016-05-30,8.360,8.410,8.142,8.291,18939.000
2016-05-31,8.658,8.688,8.400,8.400,38880.000
2016-06-01,8.678,8.738,8.619,8.638,42812.000
2016-06-02,8.787,8.787,8.559,8.628,28439.000
2016-06-03,8.758,8.857,8.688,8.787,25649.000
2016-06-06,8.748,8.787,8.658,8.758,27714.000
2016-06-07,8.698,8.748,8.648,8.688,22581.000
2016-06-08,8.748,8.787,8.599,8.648,24517.000
2016-06-13,8.231,8.718,8.221,8.668,22974.000
2016-06-14,8.251,8.261,8.092,8.192,22587.000
2016-06-15,8.539,8.638,8.132,8.221,27247.000
2016-06-16,8.579,8.678,8.470,8.539,34460.000
2016-06-17,8.658,8.748,8.539,8.579,28465.000
2016-06-20,8.628,8.718,8.460,8.599,21048.000
2016-06-21,8.609,8.807,8.509,8.698,24740.000
2016-06-22,8.748,8.768,8.519,8.649,20504.000
2016-06-23,8.659,8.808,8.619,8.748,18641.000
2016-06-24,8.589,8.738,8.220,8.659,23596.000
2016-06-27,8.738,8.758,8.450,8.450,22771.000
2016-06-28,8.898,8.928,8.669,8.719,38258.000
2016-06-29,8.888,8.968,8.818,8.888,35296.000
2016-06-30,8.888,8.928,8.858,8.908,23063.000
2016-07-01,8.898,8.988,8.848,8.908,22215.000
2016-07-04,9.117,9.117,8.888,8.918,39616.000
2016-07-05,9.117,9.167,9.047,9.117,29213.000
2016-07-06,9.137,9.197,9.017,9.077,33478.000
2016-07-07,9.217,9.237,9.067,9.137,32794.000
2016-07-08,9.177,9.257,9.127,9.207,23320.000
2016-07-11,9.008,9.207,8.988,9.117,49671.000
2016-07-12,9.167,9.217,8.998,9.027,69287.000
2016-07-13,9.097,9.167,9.037,9.137,60574.000
2016-07-14,9.067,9.107,8.998,9.057,36405.000
2016-07-15,8.928,9.097,8.908,9.087,54094.000
2016-07-18,8.908,8.948,8.768,8.878,44230.000
2016-07-19,8.978,9.027,8.848,8.888,32877.000
2016-07-20,9.147,9.217,8.908,8.968,114587.000
2016-07-21,9.097,9.157,9.008,9.077,45114.000
2016-07-22,9.027,9.117,9.008,9.057,32298.000
2016-07-25,9.157,9.167,8.968,8.978,38002.000
2016-07-26,9.257,9.267,9.107,9.127,60102.000
2016-07-27,8.778,9.296,8.549,9.237,103702.000
2016-07-28,8.709,8.818,8.489,8.709,37058.000
2016-07-29,8.659,8.748,8.569,8.699,27512.000
2016-08-01,8.479,8.709,8.380,8.609,57773.000
2016-08-02,8.669,8.679,8.459,8.479,38561.000
2016-08-03,8.778,8.838,8.579,8.629,35648.000
2016-08-04,9.117,9.157,8.738,8.768,50182.000
2016-08-05,8.988,9.147,8.978,9.067,32098.000
2016-08-08,9.027,9.047,8.818,8.988,35550.000
2016-08-09,9.077,9.117,8.978,9.027,26925.000
2016-08-10,9.047,9.117,9.017,9.067,19170.000
2016-08-11,8.848,9.067,8.848,9.027,19722.000
2016-08-12,9.017,9.017,8.828,8.828,22614.000
2016-08-15,9.197,9.257,9.017,9.037,44019.000
2016-08-16,9.217,9.257,9.137,9.237,30531.000
2016-08-17,9.227,9.286,9.167,9.187,33617.000
2016-08-18,9.316,9.396,9.157,9.247,49726.000
2016-08-19,9.286,9.316,9.167,9.277,30569.000
2016-08-22,9.227,9.306,9.197,9.286,18376.000
2016-08-23,9.306,9.416,9.187,9.257,31999.000
2016-08-24,9.306,9.436,9.267,9.316,26945.000
2016-08-25,9.346,9.426,8.988,9.277,36534.000
2016-08-26,9.416,9.556,9.277,9.336,43337.000
2016-08-29,9.386,9.536,9.277,9.416,39664.000
2016-08-30,9.247,9.386,9.217,9.386,38261.000
2016-08-31,9.267,9.336,9.147,9.237,27175.000
2016-09-01,9.227,9.436,9.197,9.267,48815.000
2016-09-02,9.356,9.426,9.207,9.207,49376.000
2016-09-05,9.376,9.446,9.296,9.356,22727.000
2016-09-06,9.526,9.546,9.257,9.376,43856.000
2016-09-07,9.476,9.655,9.416,9.516,47594.000
2016-09-08,9.854,9.904,9.446,9.496,79908.000
2016-09-09,9.635,9.835,9.625,9.815,55219.000
2016-09-12,9.167,9.456,9.137,9.446,53286.000
2016-09-13,9.386,9.416,9.197,9.217,34258.000
2016-09-14,9.366,9.436,9.237,9.376,31057.000
2016-09-19,9.546,9.565,9.306,9.306,36510.000
2016-09-20,9.556,9.635,9.476,9.506,24524.000
2016-09-21,9.605,9.755,9.556,9.556,26036.000
2016-09-22,9.655,9.795,9.605,9.625,23337.000
2016-09-23,9.695,9.735,9.536,9.655,27405.000
2016-09-26,9.615,9.765,9.556,9.725,42826.000
2016-09-27,9.695,9.705,9.466,9.565,27766.000
2016-09-28,9.795,9.815,9.546,9.645,38928.000
2016-09-29,9.795,9.874,9.755,9.765,24431.000
2016-09-30,9.894,9.904,9.675,9.755,20475.000
2016-10-10,10.034,10.054,9.825,9.904,45795.000
2016-10-11,10.064,10.143,9.944,9.964,48261.000
2016-10-12,10.343,10.353,10.004,10.094,76909.000
2016-10-13,10.233,10.402,10.213,10.333,53742.000
2016-10-14,10.104,10.243,10.014,10.163,44579.000
2016-10-17,9.914,10.243,9.844,10.104,40039.000
2016-10-18,10.123,10.133,9.884,9.954,27687.000
2016-10-19,10.293,10.831,10.193,10.343,102515.000
2016-10-20,11.050,11.200,10.193,10.213,188070.000
2016-10-21,10.751,10.960,10.662,10.960,115567.000
2016-10-24,10.881,10.921,10.681,10.681,73288.000
2016-10-25,10.950,11.110,10.791,10.821,91332.000
2016-10-26,10.871,10.960,10.612,10.861,59896.000
2016-10-27,11.489,11.807,10.741,10.861,177782.000
2016-10-28,11.369,11.937,11.329,11.608,139470.000
2016-10-31,11.180,11.538,11.000,11.249,64277.000
2016-11-01,11.170,11.309,11.030,11.170,83973.000
2016-11-02,11.578,11.797,11.180,11.200,120313.000
2016-11-03,11.538,11.588,11.160,11.399,114002.000
2016-11-04,11.160,11.479,11.140,11.479,74109.000
2016-11-07,10.671,11.080,10.462,11.080,106612.000
2016-11-08,10.701,10.791,10.572,10.662,55328.000
2016-11-09,10.602,10.771,10.263,10.711,54826.000
2016-11-10,10.731,10.791,10.632,10.711,49778.000
2016-11-11,10.941,11.030,10.721,10.791,74628.000
2016-11-14,10.921,11.050,10.811,10.911,49125.000
2016-11-15,10.921,11.020,10.811,10.811,46816.000
2016-11-16,10.791,10.941,10.781,10.931,52135.000
2016-11-17,10.711,10.891,10.532,10.891,68529.000
2016-11-18,10.801,10.821,10.622,10.711,40515.000
2016-11-21,10.751,10.911,10.711,10.911,35960.000
2016-11-22,10.831,10.861,10.721,10.751,59145.000
2016-11-23,10.811,10.941,10.781,10.861,44629.000
2016-11-24,11.170,11.558,10.781,10.801,122141.000
2016-11-25,11.020,11.210,10.761,11.210,59973.000
2016-11-28,11.239,11.429,11.110,11.160,99346.000
2016-11-29,11.020,11.259,10.990,11.239,59842.000
2016-11-30,10.662,11.000,10.652,10.990,53461.000
2016-12-01,10.632,10.761,10.562,10.711,40586.000
2016-12-02,10.562,10.691,10.552,10.662,40541.000
2016-12-05,10.114,10.412,10.034,10.353,49513.000
2016-12-06,10.243,10.313,10.064,10.104,49502.000
2016-12-07,10.373,10.393,10.123,10.243,36311.000
2016-12-08,10.263,10.442,10.253,10.283,51749.000
2016-12-09,10.223,10.402,10.193,10.213,34397.000
2016-12-12,9.655,10.293,9.546,10.223,49360.000
2016-12-13,9.745,9.854,9.416,9.665,41147.000
2016-12-14,9.556,9.884,9.556,9.755,34168.000
2016-12-15,9.665,9.815,9.516,9.556,33636.000
2016-12-16,10.014,10.064,9.665,9.665,35024.000
2016-12-19,10.064,10.383,9.904,10.054,33638.000
2016-12-20,10.084,10.213,9.964,10.094,32416.000
2016-12-21,10.233,10.353,10.064,10.074,40505.000
2016-12-22,10.233,10.343,10.163,10.173,32791.000
2016-12-23,10.223,10.393,10.163,10.173,34319.000
2016-12-26,10.123,10.273,9.815,10.273,43620.000
2016-12-27,10.173,10.293,10.074,10.104,27476.000
2016-12-28,10.173,10.343,10.163,10.193,24792.000
2016-12-29,9.994,10.173,9.934,10.133,38954.000
2016-12-30,10.114,10.153,9.964,10.004,29928.000
2017-01-03,10.313,10.313,10.114,10.163,34357.000
2017-01-04,10.442,10.492,10.233,10.333,45609.000
2017-01-05,10.671,10.831,10.343,10.442,65033.000
2017-01-06,10.691,11.050,10.592,10.671,60261.000
2017-01-09,10.931,11.050,10.662,10.662,70584.000
2017-01-10,10.841,10.921,10.781,10.921,42955.000
2017-01-11,10.701,10.911,10.681,10.771,47765.000
2017-01-12,10.941,11.210,10.642,10.642,104281.000
2017-01-13,10.263,10.841,10.243,10.831,97371.000
2017-01-16,9.745,10.173,9.237,10.163,104636.000
2017-01-17,9.506,9.615,9.177,9.615,77408.000
2017-01-18,9.456,9.595,9.376,9.506,33575.000
2017-01-19,9.476,9.565,9.237,9.396,46061.000
2017-01-20,9.825,9.854,9.376,9.456,63682.000
2017-01-23,9.805,9.874,9.675,9.745,32331.000
2017-01-24,9.715,9.825,9.695,9.745,30372.000
2017-01-25,9.725,9.785,9.655,9.705,29308.000
2017-01-26,9.765,9.795,9.695,9.725,25279.000
2017-02-03,9.765,9.805,9.705,9.765,19857.000
2017-02-06,9.944,9.964,9.765,9.795,38713.000
2017-02-07,9.884,9.964,9.765,9.904,36232.000
2017-02-08,9.964,9.994,9.775,9.884,31721.000
2017-02-09,10.034,10.044,9.934,9.964,57697.000
2017-02-10,10.153,10.223,10.034,10.034,46071.000
2017-02-13,10.163,10.213,10.004,10.153,34658.000
2017-02-14,10.522,10.542,10.143,10.143,101157.000
2017-02-15,10.243,10.861,10.233,10.562,114884.000
2017-02-16,10.462,10.532,10.133,10.193,74607.000
2017-02-17,10.711,10.941,10.562,10.662,182340.000
2017-02-20,10.831,10.861,10.562,10.662,82639.000
2017-02-21,10.950,11.010,10.652,10.861,89837.000
2017-02-22,10.921,10.960,10.811,10.901,56958.000
2017-02-23,10.771,10.891,10.612,10.891,61006.000
2017-02-24,10.761,10.781,10.612,10.781,36385.000
2017-02-27,10.592,10.891,10.363,10.662,66524.000
2017-02-28,10.592,10.731,10.482,10.482,30080.000
2017-03-01,10.751,10.761,10.522,10.532,65366.000
2017-03-02,10.811,11.359,10.791,10.911,142961.000
2017-03-03,10.642,10.662,10.492,10.652,66195.000
2017-03-06,10.691,10.711,10.522,10.542,41003.000
2017-03-07,10.921,11.249,10.681,10.701,117071.000
2017-03-08,10.851,10.941,10.632,10.921,82178.000
2017-03-09,10.642,10.781,10.582,10.711,60449.000
2017-03-10,10.442,10.681,10.412,10.671,52657.000
2017-03-13,10.542,10.552,10.173,10.432,46958.000
2017-03-14,10.383,10.542,10.373,10.542,32796.000
2017-03-15,10.313,10.432,10.213,10.313,52737.000
2017-03-16,10.532,10.572,10.283,10.283,51707.000
2017-03-17,10.353,10.562,10.273,10.562,38425.000
2017-03-20,10.502,10.542,10.273,10.273,35082.000
2017-03-21,10.602,10.622,10.442,10.492,39355.000
2017-03-22,10.632,10.701,10.482,10.542,52917.000
2017-03-23,10.582,10.632,10.452,10.552,46522.000
2017-03-24,10.701,10.711,10.492,10.492,43231.000
2017-03-27,10.741,10.801,10.632,10.671,49349.000
2017-03-28,10.592,10.771,10.562,10.731,28443.000
2017-03-29,10.562,10.632,10.462,10.572,35257.000
2017-03-30,11.000,11.459,10.363,10.462,181564.000
2017-03-31,10.931,11.339,10.811,11.010,185622.000
2017-04-05,10.881,10.921,10.502,10.622,91613.000
2017-04-06,11.050,11.180,10.781,10.861,111932.000
2017-04-07,10.960,11.040,10.821,10.960,60449.000
2017-04-10,10.781,10.950,10.662,10.851,58562.000
2017-04-11,10.801,10.861,10.562,10.612,57190.000
2017-04-12,10.950,11.060,10.592,10.731,100090.000
2017-04-13,10.851,11.030,10.821,10.871,65719.000
2017-04-14,10.153,10.851,10.074,10.851,109283.000
2017-04-17,9.954,10.233,9.785,10.114,66472.000
2017-04-18,9.815,10.153,9.785,10.004,35558.000
2017-04-19,9.635,9.874,9.565,9.835,36198.000
2017-04-20,9.635,9.735,9.585,9.695,22900.000
2017-04-21,9.486,9.725,9.426,9.635,23869.000
2017-04-24,8.778,9.506,8.729,9.496,40181.000
2017-04-25,8.669,8.888,8.659,8.788,27734.000
2017-04-26,8.689,8.768,8.619,8.619,26576.000
2017-04-27,8.788,8.898,8.180,8.659,49462.000
2017-04-28,9.037,9.057,8.669,8.699,27413.000
2017-05-02,9.017,9.127,8.938,9.027,19453.000
2017-05-03,9.197,9.286,8.968,8.968,23466.000
2017-05-04,9.077,9.217,9.017,9.177,18163.000
2017-05-05,8.998,9.127,8.738,9.008,33234.000
2017-05-08,8.569,8.958,8.569,8.958,19675.000
2017-05-09,8.639,8.788,8.479,8.549,38171.000
2017-05-10,8.619,8.709,8.529,8.659,35570.000
2017-05-11,8.519,8.589,8.190,8.549,27035.000
2017-05-12,8.519,8.659,8.380,8.519,17079.000
2017-05-15,8.549,8.589,8.420,8.489,13277.000
2017-05-16,8.659,8.659,8.360,8.559,31968.000
2017-05-17,8.659,8.768,8.569,8.659,38253.000
2017-05-18,8.529,8.619,8.430,8.509,27372.000
2017-05-19,8.509,8.579,8.370,8.489,32481.000
2017-05-22,8.300,8.489,8.270,8.430,30007.000
2017-05-23,7.752,8.290,7.573,8.290,43052.000
2017-05-24,7.672,7.722,7.433,7.543,38397.000
2017-05-25,7.792,7.822,7.573,7.593,23894.000
2017-05-26,7.722,7.842,7.672,7.742,21479.000
2017-05-31,7.732,7.931,7.672,7.812,32100.000
2017-06-01,7.324,7.712,7.294,7.702,26876.000
2017-06-02,7.543,7.603,7.284,7.344,29578.000
2017-06-05,7.692,7.812,7.523,7.623,28385.000
2017-06-06,7.732,7.842,7.623,7.692,19004.000
2017-06-07,7.971,7.971,7.752,7.812,26696.000
2017-06-08,8.021,8.121,7.911,7.991,28617.000
2017-06-09,8.051,8.071,7.842,8.021,28817.000
2017-06-12,7.792,8.041,7.782,7.991,22310.000
2017-06-13,7.941,7.981,7.752,7.782,19878.000
2017-06-14,7.951,8.041,7.892,7.951,15431.000
2017-06-15,8.101,8.151,7.902,7.902,28142.000
2017-06-16,8.071,8.111,7.991,8.081,13903.000
2017-06-19,8.360,8.430,8.021,8.061,41420.000
2017-06-20,8.270,8.370,8.250,8.340,24389.000
2017-06-21,8.260,8.360,8.161,8.260,17719.000
2017-06-22,8.021,8.270,8.021,8.260,24345.000
2017-06-23,8.101,8.171,7.921,7.991,23054.000
2017-06-26,8.250,8.360,7.991,8.111,26566.000
2017-06-27,8.180,8.310,8.121,8.240,20389.000
2017-06-28,8.230,8.240,8.101,8.190,19762.000
2017-06-29,8.320,8.330,8.160,8.280,23040.000
2017-06-30,8.370,8.420,8.130,8.260,34864.000
2017-07-03,8.360,8.380,8.300,8.350,20174.000
2017-07-04,8.560,8.590,8.210,8.430,39587.000
2017-07-05,8.530,8.800,8.460,8.800,50438.000
2017-07-06,8.540,8.560,8.390,8.450,27223.000
2017-07-07,8.580,8.620,8.420,8.430,25575.000
2017-07-10,8.620,8.670,8.520,8.530,23862.000
2017-07-11,8.450,8.640,8.440,8.630,20891.000
2017-07-12,8.530,8.660,8.190,8.420,56043.000
2017-07-13,8.560,8.570,8.380,8.530,21358.000
2017-07-14,8.570,8.600,8.450,8.500,20985.000
2017-07-17,8.560,8.600,8.050,8.540,45409.000
2017-07-18,8.500,8.550,8.310,8.440,30286.000
2017-07-19,8.850,8.940,8.340,8.450,86551.000
2017-07-20,9.130,9.170,8.700,8.780,93368.000
2017-07-21,8.960,9.130,8.920,9.130,55586.000
2017-07-24,8.930,9.120,8.860,8.900,32985.000
2017-07-25,8.850,9.040,8.810,8.970,26177.000
2017-07-26,8.870,8.920,8.800,8.810,20070.000
2017-07-27,8.810,8.910,8.700,8.890,23876.000
2017-07-28,9.010,9.050,8.760,8.790,35734.000
2017-07-31,9.070,9.160,8.820,8.880,44152.000
2017-08-01,8.950,9.120,8.910,9.010,27601.000
2017-08-02,8.780,8.920,8.750,8.910,25351.000
2017-08-03,8.830,8.970,8.750,8.750,20615.000
2017-08-04,8.800,8.930,8.760,8.790,18218.000
2017-08-07,9.070,9.130,8.800,8.800,31377.000
2017-08-08,8.950,9.100,8.810,9.050,37965.000
2017-08-09,8.930,9.000,8.880,8.980,15335.000
2017-08-10,8.730,8.970,8.610,8.930,33943.000
2017-08-11,8.390,8.790,8.350,8.690,33871.000
2017-08-14,8.460,8.500,8.360,8.390,24663.000
2017-08-15,8.460,8.520,8.410,8.460,11493.000
2017-08-16,8.540,8.570,8.410,8.460,16945.000
2017-08-17,8.660,8.700,8.540,8.540,16965.000
2017-08-18,8.810,8.960,8.540,8.540,27705.000
2017-08-21,8.810,8.960,8.760,8.830,13498.000
2017-08-22,8.730,8.840,8.670,8.810,12508.000
2017-08-23,8.640,8.760,8.610,8.720,13926.000
2017-08-24,8.620,8.720,8.540,8.640,11036.000
2017-08-25,8.720,8.730,8.590,8.620,10329.000
2017-08-28,8.800,8.880,8.730,8.770,20553.000
2017-08-29,8.940,9.130,8.750,8.750,37893.000
2017-08-30,8.820,8.970,8.790,8.930,25421.000
2017-08-31,8.810,8.850,8.750,8.800,13033.000
2017-09-01,8.830,8.930,8.790,8.900,17142.000
2017-09-04,8.920,9.060,8.700,8.890,33346.000
2017-09-05,8.800,8.880,8.750,8.880,19205.000
2017-09-06,8.850,8.890,8.700,8.790,14773.000
2017-09-07,8.700,8.870,8.660,8.800,16567.000
2017-09-08,8.710,8.760,8.670,8.670,9832.890
2017-09-11,8.740,8.750,8.650,8.720,15477.160
2017-09-12,8.660,8.750,8.620,8.700,27271.000
2017-09-13,8.700,8.710,8.630,8.650,13751.940
2017-09-14,8.780,8.810,8.650,8.700,34155.640
2017-09-15,8.750,8.850,8.700,8.730,18847.070
2017-09-18,8.860,8.890,8.730,8.750,21931.000
2017-09-19,8.920,8.980,8.790,8.810,31326.320
2017-09-20,9.040,9.310,9.000,9.300,61919.560
2017-09-21,8.830,8.950,8.790,8.910,31298.440
2017-09-22,8.700,8.840,8.660,8.830,18818.500
2017-09-25,8.510,8.730,8.500,8.620,19817.390
2017-09-26,8.540,8.600,8.480,8.550,8665.660
2017-09-27,8.540,8.610,8.510,8.520,13217.200
2017-09-28,8.440,8.590,8.410,8.590,17560.430
2017-09-29,8.470,8.510,8.390,8.430,14978.000
2017-10-09,8.550,8.550,8.450,8.490,18133.270
2017-10-10,8.630,8.630,8.530,8.600,12884.460
2017-10-11,8.670,8.730,8.580,8.630,15145.310
2017-10-12,8.660,8.770,8.490,8.660,28763.170
2017-10-13,8.620,8.750,8.550,8.660,21672.910
2017-10-16,8.470,8.660,8.420,8.620,14874.250
2017-10-17,8.420,8.520,8.390,8.470,10268.000
2017-10-18,8.360,8.520,8.320,8.420,9413.400
2017-10-19,8.160,8.400,8.150,8.330,15524.120
2017-10-20,8.220,8.230,8.130,8.160,10087.800
2017-10-23,8.340,8.350,8.190,8.270,12982.240
2017-10-24,8.270,8.380,8.200,8.380,10541.760
2017-10-25,8.270,8.320,8.220,8.310,10153.000
2017-10-26,8.290,8.310,8.220,8.280,12145.000
2017-10-27,8.210,8.320,8.200,8.320,12881.000
2017-10-30,7.940,8.250,7.910,8.200,21177.010
2017-10-31,8.020,8.030,7.900,7.970,10718.140
2017-11-01,7.980,8.070,7.950,8.070,13832.000
2017-11-02,7.870,8.010,7.850,8.010,14899.990
2017-11-03,7.770,7.980,7.760,7.910,14053.000
2017-11-06,7.790,7.850,7.680,7.850,12980.000
2017-11-07,7.860,7.870,7.750,7.790,8359.810
2017-11-08,7.890,7.950,7.830,7.830,15666.640
2017-11-09,7.900,7.940,7.840,7.900,9526.350
2017-11-10,8.220,8.580,7.810,7.900,44515.700
2017-11-13,8.040,8.160,7.990,8.150,22619.700
2017-11-14,7.900,8.070,7.870,8.050,16141.210
2017-11-15,7.860,7.950,7.850,7.900,9999.760
2017-11-16,7.840,7.890,7.780,7.820,9322.090
2017-11-17,7.590,7.880,7.510,7.850,15590.000
2017-11-20,7.560,7.660,7.300,7.660,9885.010
2017-11-21,7.540,7.590,7.490,7.540,9577.000
2017-11-22,7.490,7.520,7.450,7.510,12111.270
2017-11-23,7.370,7.520,7.350,7.520,11099.010
2017-11-24,7.390,7.450,7.310,7.320,8366.000
2017-11-27,7.360,7.400,7.300,7.340,5607.240
2017-11-28,7.470,7.480,7.300,7.300,7861.380
2017-11-29,7.530,7.540,7.460,7.470,8830.130
2017-11-30,7.460,7.570,7.440,7.520,7249.250
2017-12-01,7.520,7.590,7.470,7.550,8196.000
2017-12-04,7.380,7.530,7.370,7.520,10244.140
2017-12-05,7.170,7.400,7.080,7.400,11457.000
2017-12-06,7.180,7.200,7.080,7.170,11756.030
2017-12-07,7.210,7.360,7.150,7.150,9944.290
2017-12-08,7.260,7.270,7.160,7.170,6777.010
2017-12-11,7.280,7.300,7.230,7.290,7689.450
2017-12-12,7.220,7.320,7.200,7.250,6787.010
2017-12-13,7.260,7.270,7.200,7.210,4431.000
2017-12-14,7.270,7.290,7.220,7.230,4854.000
2017-12-15,7.200,7.270,7.190,7.270,6769.000
2017-12-18,7.390,7.560,7.200,7.200,25375.020
2017-12-19,7.370,7.400,7.300,7.300,12161.630
2017-12-20,7.290,7.440,7.270,7.350,8243.040
2017-12-21,7.240,7.330,7.160,7.230,8700.900
2017-12-22,7.210,7.240,7.160,7.240,12741.000
2017-12-25,7.140,7.260,7.120,7.160,10620.000
2017-12-26,7.200,7.210,7.130,7.140,7280.000
2017-12-27,7.160,7.240,7.150,7.200,8493.000
2017-12-28,7.210,7.350,7.140,7.140,12562.000
2017-12-29,7.230,7.230,7.180,7.180,5422.000
2018-01-02,7.390,7.450,7.210,7.220,17968.000
2018-01-03,7.380,7.430,7.320,7.430,11112.100
2018-01-04,7.390,7.480,7.330,7.380,10930.040
2018-01-05,7.390,7.410,7.340,7.400,9643.000
2018-01-08,7.360,7.390,7.320,7.360,8781.000
2018-01-09,7.350,7.400,7.320,7.340,11564.160
2018-01-10,7.190,7.340,7.150,7.320,14896.290
2018-01-11,7.240,7.260,7.150,7.190,8317.120
2018-01-12,7.240,7.250,7.160,7.240,11434.210
2018-01-15,7.060,7.240,7.040,7.220,14454.080
2018-01-16,7.120,7.200,7.050,7.060,8268.910
2018-01-17,7.160,7.220,7.040,7.120,15163.700
2018-01-18,7.400,7.450,7.090,7.140,47418.430
2018-01-19,7.380,7.610,7.310,7.390,67675.930
2018-01-22,7.150,7.310,7.020,7.250,42677.230
2018-01-23,7.140,7.210,7.110,7.210,19484.930
2018-01-24,7.140,7.160,7.100,7.100,13659.170
2018-01-25,7.140,7.180,7.130,7.150,14743.710
2018-01-26,7.120,7.140,7.100,7.140,11537.730
2018-01-29,7.090,7.130,7.060,7.080,12038.020
2018-01-30,7.030,7.100,7.020,7.080,11091.460
2018-01-31,6.850,7.050,6.790,7.000,19247.000
2018-02-01,6.570,6.900,6.540,6.900,21601.020
2018-02-02,6.500,6.680,6.350,6.570,9264.030
2018-02-05,6.420,6.550,6.380,6.550,7789.000
2018-02-06,5.940,6.400,5.940,6.400,30126.360
2018-02-07,5.820,6.080,5.680,6.000,32504.000
2018-02-08,5.890,5.960,5.720,5.720,16200.780
2018-02-09,5.780,5.840,5.680,5.760,14943.140
2018-02-12,6.060,6.070,5.830,5.850,15235.990
2018-02-13,5.980,6.080,5.960,6.010,12020.080
2018-02-14,6.010,6.030,5.930,6.010,4689.000
2018-02-22,6.130,6.210,6.020,6.030,8347.110
2018-02-23,6.140,6.260,6.080,6.130,9771.000
2018-02-26,6.240,6.270,6.140,6.150,14894.060
2018-02-27,6.240,6.350,6.180,6.350,11896.000
2018-02-28,6.270,6.300,6.130,6.230,8558.000
2018-03-01,6.290,6.330,6.220,6.220,7501.320
2018-03-02,6.290,6.360,6.250,6.260,7905.000
2018-03-05,6.330,6.350,6.250,6.290,5915.350
2018-03-06,6.410,6.420,6.290,6.330,7686.600
2018-03-07,6.500,6.600,6.340,6.380,16703.000
2018-03-08,6.480,6.560,6.420,6.510,8361.000
2018-03-09,6.510,6.530,6.420,6.490,9617.000
2018-03-12,6.550,6.550,6.480,6.510,9126.000
2018-03-13,6.510,6.580,6.470,6.530,8194.010
2018-03-14,6.410,6.520,6.400,6.440,9405.410
2018-03-15,6.470,6.600,6.300,6.300,12200.820
2018-03-16,6.670,6.730,6.480,6.480,30124.000
2018-03-19,6.540,6.630,6.490,6.620,15266.000
2018-03-20,6.780,6.810,6.450,6.550,32057.000
2018-03-21,6.680,6.850,6.660,6.780,24872.000
2018-03-22,6.810,6.880,6.550,6.650,37236.000
2018-03-23,6.260,6.670,6.250,6.660,38663.000
2018-03-26,6.350,6.500,5.780,6.010,26716.000
2018-03-27,6.790,6.990,6.450,6.510,99515.000
2018-03-28,6.590,6.780,6.360,6.410,50779.100
2018-03-29,6.570,6.680,6.500,6.500,22570.000
2018-03-30,6.480,6.650,6.470,6.650,22337.010
2018-04-02,6.370,6.520,6.340,6.450,22205.980
2018-04-03,6.330,6.400,6.240,6.260,17048.000
2018-04-04,6.290,6.430,6.280,6.340,14611.850
2018-04-09,6.340,6.350,6.150,6.280,18263.000
2018-04-10,6.340,6.380,6.280,6.380,9523.010
2018-04-11,6.370,6.450,6.300,6.300,11972.000
2018-04-12,6.270,6.370,6.270,6.340,12298.000
2018-04-13,6.250,6.360,6.240,6.310,8099.000
2018-04-16,6.140,6.280,6.100,6.250,11773.000
2018-04-17,6.010,6.210,5.950,6.100,12798.000
2018-04-18,6.030,6.090,5.900,6.060,13315.700
2018-04-19,6.040,6.060,5.950,5.990,10233.000
2018-04-20,5.930,6.040,5.880,6.040,12226.000
2018-04-23,5.870,5.970,5.790,5.870,10051.000
2018-04-24,5.940,5.960,5.820,5.870,10834.000
2018-04-25,5.900,5.940,5.870,5.940,11280.900
2018-04-26,5.800,5.920,5.780,5.910,12195.090
2018-04-27,5.790,5.870,5.730,5.850,14619.500
2018-05-02,5.750,5.890,5.700,5.790,10340.010
2018-05-03,5.740,5.760,5.600,5.730,18166.100
2018-05-04,5.710,5.780,5.680,5.680,9057.000
2018-05-07,5.810,5.840,5.720,5.720,11696.000
2018-05-08,5.920,5.920,5.770,5.790,11332.520
2018-05-09,5.930,5.970,5.840,5.920,11321.080
2018-05-10,5.900,5.960,5.880,5.920,6783.910
2018-05-11,5.830,5.920,5.810,5.920,7989.020
2018-05-14,5.770,5.840,5.760,5.830,6087.000
2018-05-15,5.860,5.860,5.750,5.830,8129.100
2018-05-16,5.800,5.840,5.760,5.790,6221.000
2018-05-17,5.760,5.830,5.740,5.820,7941.000
2018-05-18,5.830,5.850,5.760,5.760,6471.020
2018-05-21,5.920,5.940,5.840,5.840,11496.520
2018-05-22,5.960,6.000,5.860,5.930,13373.110
2018-05-23,5.950,6.050,5.880,5.950,18632.500
2018-05-24,5.910,5.990,5.880,5.940,8657.010
2018-05-25,5.820,5.900,5.800,5.880,8960.000
2018-05-28,5.700,5.820,5.700,5.820,11864.920
2018-05-29,5.710,5.760,5.690,5.700,6510.610
2018-05-30,5.530,5.700,5.490,5.700,17275.650
2018-05-31,5.590,5.630,5.510,5.580,10368.000
2018-06-01,5.540,5.640,5.510,5.590,8629.000
2018-06-04,5.520,5.570,5.500,5.550,7038.000
2018-06-05,5.610,5.620,5.520,5.530,8919.020
2018-06-06,5.580,5.610,5.540,5.610,6082.030
2018-06-07,5.520,5.610,5.510,5.610,7493.010
2018-06-08,5.370,5.540,5.300,5.540,12965.000
2018-06-11,5.360,5.400,5.330,5.380,5767.000
2018-06-12,5.400,5.410,5.330,5.410,6360.000
2018-06-13,5.260,5.460,5.250,5.360,9123.000
2018-06-14,5.220,5.340,5.220,5.260,5516.000
2018-06-15,5.020,5.250,5.000,5.220,15808.000
2018-06-19,4.520,5.020,4.520,4.990,25531.000
2018-06-20,4.620,4.650,4.470,4.470,15098.000
2018-06-21,4.490,4.670,4.470,4.570,13172.000
2018-06-22,4.620,4.640,4.430,4.480,15825.000
2018-06-25,4.620,4.700,4.580,4.620,13617.000
2018-06-26,4.610,4.650,4.500,4.570,14649.000
2018-06-27,4.570,4.650,4.550,4.610,12101.000
2018-06-28,4.520,4.640,4.510,4.600,20793.020
2018-06-29,4.600,4.640,4.510,4.510,22274.160
2018-07-02,4.520,4.650,4.430,4.600,22812.060
2018-07-03,4.590,4.600,4.480,4.520,18104.850
2018-07-04,4.520,4.630,4.480,4.560,17525.920
2018-07-05,4.380,4.550,4.360,4.520,13283.720
2018-07-06,4.410,4.460,4.290,4.380,13295.790
2018-07-09,4.500,4.500,4.410,4.410,12838.000
2018-07-10,4.500,4.540,4.480,4.540,7863.000
2018-07-11,4.330,4.510,4.290,4.510,17494.210
2018-07-12,4.480,4.490,4.330,4.330,15785.950
2018-07-13,4.490,4.520,4.460,4.480,10131.000
2018-07-16,4.520,4.530,4.450,4.520,12320.950
2018-07-17,4.510,4.540,4.460,4.510,8346.950
2018-07-18,4.560,4.640,4.500,4.510,28517.000
2018-07-19,4.430,4.570,4.420,4.550,18183.000
2018-07-20,4.500,4.530,4.400,4.450,17595.430
2018-07-23,4.580,4.590,4.470,4.510,22066.590
2018-07-24,4.680,4.700,4.560,4.600,34438.210
2018-07-25,4.680,4.720,4.640,4.660,19859.540
2018-07-26,4.810,4.860,4.640,4.680,41561.000
2018-07-27,5.040,5.290,4.750,4.750,101664.920
2018-07-30,4.780,4.960,4.730,4.910,73920.550
2018-07-31,5.260,5.260,5.260,5.260,35128.080
2018-08-01,5.370,5.580,5.200,5.330,165634.780
2018-08-02,5.140,5.180,4.920,5.050,94149.090
2018-08-03,4.880,5.130,4.810,5.040,64090.020
2018-08-06,4.810,5.030,4.760,4.840,46801.090
2018-08-07,4.940,4.950,4.750,4.760,44947.740
2018-08-08,4.810,4.930,4.780,4.880,35077.590
2018-08-09,4.900,4.920,4.720,4.780,36478.750
2018-08-10,4.920,4.980,4.840,4.900,32608.630
2018-08-13,4.800,4.820,4.710,4.800,31109.010
2018-08-14,4.810,4.820,4.710,4.770,21448.000
2018-08-15,4.710,4.820,4.700,4.810,19537.750
2018-08-16,4.650,4.730,4.510,4.660,16686.010
2018-08-17,4.560,4.720,4.550,4.690,14272.000
2018-08-20,4.580,4.630,4.500,4.550,11644.000
2018-08-21,4.650,4.660,4.540,4.590,14267.630
2018-08-22,4.570,4.650,4.570,4.620,8063.000
2018-08-23,4.620,4.650,4.550,4.570,9409.000
2018-08-24,4.640,4.740,4.600,4.600,13989.000
2018-08-27,4.700,4.700,4.610,4.640,15741.000
2018-08-28,4.640,4.730,4.640,4.700,13942.000
2018-08-29,4.600,4.680,4.600,4.640,7281.000
2018-08-30,4.640,4.660,4.550,4.600,19366.000
2018-08-31,4.800,4.850,4.600,4.640,50881.630
2018-09-03,4.750,4.840,4.690,4.760,28317.000
2018-09-04,4.740,4.770,4.690,4.750,18603.000
2018-09-05,4.670,4.830,4.670,4.720,18488.000
2018-09-06,4.580,4.680,4.580,4.660,14265.000
2018-09-07,4.580,4.650,4.560,4.580,11508.000
2018-09-10,4.420,4.590,4.410,4.580,21581.000
2018-09-11,4.480,4.500,4.410,4.410,10382.620
2018-09-12,4.480,4.520,4.450,4.460,6626.000
2018-09-13,4.540,4.540,4.450,4.510,10579.990
2018-09-14,4.500,4.550,4.490,4.540,9176.000
2018-09-17,4.440,4.520,4.400,4.500,10217.000
2018-09-18,4.570,4.570,4.450,4.470,11726.000
2018-09-19,4.600,4.610,4.530,4.570,17521.100
2018-09-20,4.580,4.630,4.550,4.600,12597.000
2018-09-21,4.630,4.630,4.580,4.580,15437.430
2018-09-25,4.580,4.610,4.530,4.590,11916.000
2018-09-26,4.610,4.620,4.560,4.600,10618.180
2018-09-27,4.680,4.870,4.590,4.620,56202.100
2018-09-28,4.730,4.750,4.640,4.700,26108.100
2018-10-08,4.490,4.660,4.480,4.600,22737.100
2018-10-09,4.520,4.540,4.480,4.480,9244.000
2018-10-10,4.540,4.570,4.480,4.560,7192.000
2018-10-11,4.110,4.470,4.100,4.470,22650.000
2018-10-12,4.060,4.160,3.890,4.080,20207.000
2018-10-15,3.980,4.110,3.950,4.060,11129.000
2018-10-16,3.810,4.010,3.810,3.990,16474.000
2018-10-17,3.820,3.900,3.790,3.850,17040.000
2018-10-18,3.730,3.830,3.730,3.820,12682.930
2018-10-19,3.820,3.850,3.630,3.700,12658.000
2018-10-22,4.000,4.100,3.870,3.890,24219.000
2018-10-23,3.980,4.040,3.940,4.000,16909.000
2018-10-24,4.030,4.080,3.940,3.980,14811.690
2018-10-25,4.050,4.050,3.920,3.940,14681.480
2018-10-26,4.100,4.120,4.040,4.090,15887.000
2018-10-29,4.120,4.180,4.040,4.060,14120.000
2018-10-30,4.190,4.310,4.040,4.100,20539.000
2018-10-31,4.420,4.430,4.170,4.200,32781.000
2018-11-01,4.380,4.460,4.360,4.420,26224.000
2018-11-02,4.410,4.440,4.360,4.440,25540.000
2018-11-05,4.440,4.500,4.370,4.420,25195.000
2018-11-06,4.440,4.460,4.370,4.380,13249.000
2018-11-07,4.540,4.620,4.410,4.430,38652.000
2018-11-08,4.540,4.600,4.490,4.570,19322.000
2018-11-09,4.680,4.700,4.510,4.560,29146.090
2018-11-12,4.940,4.940,4.670,4.690,41569.870
2018-11-13,5.100,5.130,4.810,4.870,41994.250
2018-11-14,5.160,5.610,5.090,5.150,91522.000
2018-11-15,5.190,5.230,5.050,5.190,44509.000
2018-11-16,5.470,5.580,5.150,5.200,67570.000
2018-11-19,5.560,5.620,5.360,5.500,55918.000
2018-11-20,5.190,5.560,5.170,5.480,50294.000
2018-11-21,5.270,5.370,5.140,5.210,42292.930
2018-11-22,5.410,5.450,5.280,5.280,42736.610
2018-11-23,5.190,5.540,5.140,5.390,39256.000
2018-11-26,5.280,5.470,5.170,5.190,35242.000
2018-11-27,5.390,5.420,5.300,5.420,27848.120
2018-11-28,5.310,5.420,5.230,5.320,24087.490
2018-11-29,5.000,5.370,4.920,5.330,36761.790
2018-11-30,4.960,5.190,4.800,5.070,43192.000
2018-12-03,5.400,5.450,5.180,5.200,77850.730
2018-12-04,5.330,5.550,5.320,5.540,47379.610
2018-12-05,5.240,5.350,5.220,5.330,33354.450
2018-12-06,5.110,5.290,5.110,5.220,24620.620
2018-12-07,5.000,5.170,5.000,5.150,29637.000
2018-12-10,4.860,5.080,4.810,5.020,28816.000
2018-12-11,4.950,4.950,4.850,4.880,17081.000
2018-12-12,4.940,5.040,4.910,4.970,15199.440
2018-12-13,5.010,5.040,4.860,4.940,25052.000
2018-12-14,4.890,4.980,4.830,4.980,21166.310
2018-12-17,4.780,4.860,4.660,4.850,23566.000
2018-12-18,4.850,4.880,4.710,4.810,20188.000
2018-12-19,4.780,4.860,4.770,4.850,12754.000
2018-12-20,4.770,4.820,4.750,4.780,12274.000
2018-12-21,4.760,4.870,4.700,4.770,10366.000
2018-12-24,4.790,4.820,4.710,4.710,11967.000
2018-12-25,4.610,4.730,4.550,4.720,18615.000
2018-12-26,4.630,4.730,4.620,4.620,13864.000
2018-12-27,4.660,4.830,4.630,4.710,19773.000
2018-12-28,4.590,4.730,4.510,4.660,11379.000
2019-01-02,4.600,4.650,4.560,4.600,12922.640
2019-01-03,4.590,4.650,4.520,4.600,9908.000
2019-01-04,4.690,4.700,4.490,4.490,19974.780
2019-01-07,4.880,4.900,4.700,4.720,26638.010
2019-01-08,4.850,4.900,4.800,4.860,19047.820
2019-01-09,4.910,4.970,4.850,4.870,22424.020
2019-01-10,4.910,4.960,4.810,4.900,15038.020
2019-01-11,4.880,4.930,4.830,4.870,16307.110
2019-01-14,4.920,5.010,4.830,4.880,22275.540
2019-01-15,4.950,4.960,4.860,4.930,13514.940
2019-01-16,4.900,4.990,4.900,4.940,9345.010
2019-01-17,4.880,4.950,4.810,4.930,10684.000
2019-01-18,4.900,4.920,4.820,4.850,8267.000
2019-01-21,4.980,5.060,4.880,4.940,19658.000
2019-01-22,4.950,5.020,4.890,4.960,12638.000
2019-01-23,4.890,4.940,4.830,4.930,13495.690
2019-01-24,4.890,4.950,4.870,4.890,7654.000
2019-01-25,4.910,4.950,4.840,4.940,13638.010
2019-01-28,4.780,4.960,4.750,4.890,17157.000
